0.536153 1106
0.536153 1105
0.536153 1104
0.536153 1103
0.535946 1102
0.535946 1101
0.535946 1100
0.535946 1099
0.535946 1098
0.535946 1097
0.535946 1096
0.535946 1095
0.534559 1095
0.534559 1094
0.534559 1093
0.534559 1092
0.534559 1091
0.534559 1090
0.534559 1089
0.534559 1088
0.534559 1087
0.534559 1086
0.534559 1085
0.534559 1084
0.534559 1083
0.534462 1082
0.534462 1081
0.534462 1080
0.534462 1079
0.534462 1078
0.534462 1077
0.534462 1076
0.534333 1075
0.534333 1074
0.534333 1073
0.534333 1072
0.534333 1071
0.534333 1070
0.534333 1069
0.534333 1068
0.533983 1067
0.533983 1066
0.533983 1065
0.533983 1064
0.533983 1063
0.533983 1062
0.533983 1061
0.533983 1060
0.533983 1059
0.533983 1058
0.533983 1057
0.533983 1056
0.533983 1055
0.533983 1054
0.533983 1053
0.533983 1052
0.533983 1051
0.533983 1050
0.533983 1049
0.533983 1048
0.533983 1047
0.533983 1046
0.533983 1045
0.533983 1044
0.533983 1043
0.533983 1042
0.533983 1041
0.533983 1040
0.533983 1039
0.533983 1038
0.533983 1037
0.533983 1036
0.533247 1036
0.533247 1035
0.533247 1034
0.533247 1033
0.533247 1032
0.533247 1031
0.533247 1030
0.533247 1029
0.532001 1029
0.532001 1028
0.532001 1027
0.532001 1026
0.532 1025
0.532 1024
0.532 1023
0.532 1022
0.532 1021
0.532 1020
0.532 1019
0.532 1018
0.532 1017
0.532 1016
0.532 1015
0.532 1014
0.532 1013
0.532 1012
0.532 1011
0.532 1010
0.532 1009
0.532 1008
0.532 1007
0.532 1006
0.532 1005
0.532 1004
0.532 1003
0.532 1002
0.532 1001
0.532 1000
0.532 999
0.532 998
0.532 997
0.532 996
0.532 995
0.532 994
0.532 993
0.532 992
0.532 991
0.532 990
0.532 989
0.532 988
0.532 987
0.532 986
0.532 985
0.532 984
0.532 983
0.531468 983
0.530788 982
0.530788 981
0.530788 980
0.530788 979
0.530788 978
0.530788 977
0.530788 976
0.530788 975
0.530788 974
0.530788 973
0.530788 972
0.530788 971
0.530788 970
0.530788 969
0.530788 968
0.530788 967
0.530788 966
0.530788 965
0.529997 964
0.529997 963
0.529997 962
0.529997 961
0.529997 960
0.529997 959
0.529997 958
0.529997 957
0.529997 956
0.529997 955
0.529997 954
0.529997 953
0.529997 952
0.529997 951
0.529946 950
0.529946 949
0.529946 948
0.529946 947
0.529946 946
0.529946 945
0.529946 944
0.529946 943
0.529946 942
0.529946 941
0.529946 940
0.529946 939
0.529946 938
0.529946 937
0.529946 936
0.529946 935
0.529946 934
0.529946 933
0.529946 932
0.529946 931
0.529946 930
0.529946 929
0.529946 928
0.529946 927
0.529946 926
0.529946 925
0.529946 924
0.529946 923
0.529946 922
0.529946 921
0.529946 920
0.529946 919
0.529946 918
0.529946 917
0.529946 916
0.529946 915
0.529946 914
0.529946 913
0.529946 912
0.529946 911
0.529946 910
0.529946 909
0.529946 908
0.529946 907
0.529946 906
0.529946 905
0.529946 904
0.529946 903
0.529946 902
0.529946 901
0.529946 900
0.529946 899
0.529946 898
0.529946 897
0.529946 896
0.529946 895
0.529946 894
0.529946 893
0.529946 892
0.529946 891
0.529946 890
0.529946 889
0.529946 888
0.529946 887
0.529946 886
0.529946 885
0.529946 884
0.529946 883
0.529946 882
0.529946 881
0.529946 880
0.529946 879
0.529946 878
0.529946 877
0.529134 876
0.529134 875
0.529134 874
0.529134 873
0.529134 872
0.529134 871
0.529134 870
0.529134 869
0.529134 868
0.529134 867
0.529134 866
0.529134 865
0.529134 864
0.527685 864
0.527685 863
0.527685 862
0.527685 861
0.527685 860
0.527685 859
0.527685 858
0.527006 857
0.527006 856
0.527006 855
0.527006 854
0.526408 853
0.526076 852
0.526076 851
0.526076 850
0.526076 849
0.526076 848
0.526076 847
0.526076 846
0.526076 845
0.524736 845
0.524736 844
0.524736 843
0.524736 842
0.524736 841
0.524736 840
0.524736 839
0.524736 838
0.524736 837
0.524736 836
0.524736 835
0.524736 834
0.524736 833
0.524736 832
0.524736 831
0.524736 830
0.524736 829
0.524736 828
0.524736 827
0.524736 826
0.524736 825
0.524736 824
0.524736 823
0.524736 822
0.524736 821
0.524736 820
0.524736 819
0.524736 818
0.524736 817
0.523659 817
0.523659 816
0.523659 815
0.523659 814
0.523659 813
0.523659 812
0.523659 811
0.523659 810
0.523659 809
0.523659 808
0.523233 807
0.523233 806
0.523233 805
0.522212 805
0.522212 804
0.522212 803
0.522212 802
0.522212 801
0.522212 800
0.52182 799
0.52182 798
0.52182 797
0.52182 796
0.52182 795
0.52182 794
0.52182 793
0.52182 792
0.521508 791
0.521508 790
0.521508 789
0.521508 788
0.521508 787
0.521508 786
0.521508 785
0.521508 784
0.521508 783
0.521508 782
0.521508 781
0.521508 780
0.521508 779
0.521286 778
0.521286 777
0.521286 776
0.521286 775
0.521286 774
0.521286 773
0.521286 772
0.521286 771
0.521286 770
0.521286 769
0.521286 768
0.521286 767
0.521286 766
0.521286 765
0.521286 764
0.521286 763
0.521286 762
0.521286 761
0.521286 760
0.521286 759
0.521286 758
0.521286 757
0.521286 756
0.521286 755
0.521286 754
0.521286 753
0.521286 752
0.521286 751
0.52112 751
0.52101 750
0.52101 749
0.52101 748
0.52101 747
0.52101 746
0.52101 745
0.52101 744
0.52101 743
0.52101 742
0.52101 741
0.52101 740
0.52101 739
0.52101 738
0.52101 737
0.52101 736
0.52101 735
0.52101 734
0.52101 733
0.52101 732
0.52101 731
0.52101 730
0.52101 729
0.52101 728
0.52101 727
0.52101 726
0.52101 725
0.52101 724
0.52101 723
0.52101 722
0.52101 721
0.52101 720
0.52101 719
0.520594 718
0.520594 717
0.520382 716
0.520382 715
0.520382 714
0.520023 714
0.520023 713
0.520023 712
0.520023 711
0.520023 709
0.520023 708
0.519384 707
0.519384 706
0.519384 705
0.519384 704
0.519384 703
0.519384 702
0.519384 701
0.519384 700
0.519384 699
0.519384 698
0.519384 697
0.518412 697
0.518412 696
0.518412 695
0.518412 694
0.518412 693
0.518412 692
0.518412 691
0.518412 690
0.518412 689
0.518412 688
0.518412 687
0.518412 686
0.518412 685
0.518412 684
0.517951 684
0.517951 683
0.517951 682
0.517951 681
0.517951 680
0.517951 679
0.517951 678
0.517951 677
0.517951 676
0.517951 675
0.517951 674
0.517951 673
0.517951 672
0.517951 671
0.517951 670
0.517951 669
0.517951 668
0.517951 667
0.517951 666
0.517951 665
0.517951 664
0.517951 663
0.517951 662
0.517951 661
0.517951 660
0.517951 659
0.517951 658
0.517951 657
0.517951 656
0.517951 655
0.517951 654
0.517951 653
0.517951 652
0.517951 651
0.517951 650
0.517951 649
0.517951 648
0.517951 647
0.517951 646
0.517951 645
0.517951 644
0.517951 643
0.517951 642
0.517951 641
0.516623 641
0.516623 640
0.516623 639
0.516623 638
0.516623 637
0.516623 636
0.516623 635
0.515582 635
0.515582 634
0.515582 633
0.515582 632
0.515582 631
0.515582 630
0.515582 629
0.515582 628
0.515582 627
0.515582 626
0.515582 625
0.515582 624
0.515004 623
0.513929 623
0.513929 622
0.513929 621
0.513547 621
0.513547 620
0.513547 619
0.513547 618
0.513547 617
0.513547 616
0.513547 615
0.513547 614
0.513547 613
0.513547 612
0.513547 611
0.513547 610
0.513547 609
0.513327 608
0.513327 607
0.513327 606
0.513327 605
0.513327 604
0.513327 603
0.513327 602
0.513327 601
0.513327 600
0.513327 599
0.512321 599
0.512321 598
0.512321 597
0.512321 596
0.512321 595
0.512321 594
0.512321 593
0.512321 592
0.512321 591
0.512321 590
0.512321 589
0.512321 588
0.512321 587
0.512321 586
0.512321 585
0.512321 584
0.512321 583
0.512542 582
0.512542 581
0.512542 580
0.512542 579
0.512542 578
0.512542 577
0.512542 576
0.512542 575
0.512542 574
0.512542 573
0.512542 572
0.512542 571
0.512542 570
0.511621 570
0.511621 569
0.511621 568
0.511621 567
0.511621 566
0.511621 565
0.511621 564
0.511621 563
0.511621 562
0.511621 561
0.511621 560
0.511621 559
0.511621 558
0.511621 557
0.511621 556
0.511621 555
0.511621 554
0.510478 554
0.510228 553
0.509486 552
0.509486 551
0.508208 551
0.508208 550
0.508208 549
0.5069 549
0.5069 548
0.5069 547
0.5069 546
0.5069 545
0.5069 544
0.5069 543
0.5069 542
0.5069 541
0.505588 541
0.505588 540
0.504787 540
0.504787 539
0.504787 538
0.504787 537
0.504787 536
0.504787 535
0.504787 534
0.504787 533
0.504787 532
0.504787 531
0.504787 530
0.504787 529
0.504787 528
0.504787 527
0.504787 526
0.504787 525
0.504052 524
0.504052 523
0.504052 522
0.504052 521
0.504052 520
0.504052 519
0.504052 518
0.504052 517
0.504052 516
0.504052 515
0.504052 514
0.504052 513
0.504052 512
0.504052 511
0.504052 510
0.504052 509
0.504052 508
0.504052 507
0.504052 506
0.504052 505
0.504052 504
0.504052 503
0.504052 502
0.504052 501
0.504052 500
0.504052 499
0.504052 498
0.504052 497
0.504052 496
0.504052 495
0.504052 494
0.504052 493
0.504052 492
0.504052 491
0.504052 490
0.504052 489
0.503565 488
0.503565 487
0.503565 486
0.503565 485
0.503565 484
0.503565 483
0.503565 482
0.503565 481
0.503565 480
0.503565 479
0.503565 478
0.503565 477
0.503565 476
0.503565 475
0.503565 474
0.503565 473
0.503565 472
0.503565 471
0.503565 470
0.503565 469
0.503565 468
0.503565 467
0.503565 466
0.503565 465
0.503565 464
0.503565 463
0.503565 462
0.503565 461
0.502671 460
0.502671 459
0.502671 458
0.502671 457
0.502671 456
0.502671 455
0.502671 454
0.502671 453
0.502671 452
0.502671 451
0.502671 450
0.502671 449
0.502671 448
0.501553 448
0.501553 447
0.501553 446
0.500898 446
0.500898 445
0.500898 444
0.49967 444
0.49967 443
0.49967 442
0.49967 441
0.49967 440
0.49967 439
0.49967 438
0.49967 437
0.498715 436
0.498715 435
0.49846 434
0.49846 433
0.49846 432
0.49846 431
0.49846 430
0.49846 429
0.49846 428
0.49846 427
0.49846 426
0.49846 425
0.49846 424
0.49846 423
0.49846 422
0.49846 421
0.49846 420
0.49846 419
0.49846 418
0.49846 417
0.49846 416
0.49846 415
0.49846 414
0.49846 413
0.49846 412
0.49846 411
0.49846 410
0.49846 409
0.49846 408
0.49846 407
0.49846 406
0.497606 405
0.497606 404
0.497606 403
0.496032 403
0.496032 402
0.494656 402
0.494656 401
0.494656 400
0.493416 400
0.493416 399
0.493416 398
0.493416 397
0.493416 396
0.492303 396
0.492303 395
0.492303 394
0.492303 393
0.492303 392
0.492303 391
0.492303 390
0.492303 389
0.492303 388
0.492303 387
0.492303 386
0.492303 385
0.492303 384
0.492303 383
0.492303 382
0.492303 381
0.492303 380
0.490964 380
0.490733 380
0.490733 379
0.490733 378
0.490733 377
0.490733 376
0.490184 375
0.490184 374
0.490184 373
0.490184 372
0.490184 371
0.490184 370
0.490184 369
0.490184 368
0.490184 367
0.490184 366
0.490184 365
0.490184 364
0.490184 363
0.490184 362
0.490184 361
0.490184 360
0.490184 359
0.490184 358
0.490184 357
0.488955 357
0.488955 356
0.488955 355
0.488955 354
0.488043 353
0.488043 352
0.488043 351
0.488043 350
0.488043 349
0.488043 348
0.488043 347
0.488043 346
0.488043 345
0.488043 344
0.488043 343
0.488043 342
0.486604 342
0.485322 342
0.485322 341
0.485322 340
0.485322 339
0.485322 338
0.485322 337
0.485322 336
0.485322 335
0.485322 334
0.485322 333
0.485148 332
0.485148 331
0.485148 330
0.483799 330
0.483799 329
0.483799 328
0.483799 327
0.483799 326
0.483799 325
0.482855 324
0.482855 323
0.482855 322
0.482855 321
0.482668 320
0.482668 319
0.482668 317
0.482668 316
0.482668 315
0.482668 314
0.482668 313
0.482668 312
0.481775 312
0.481775 311
0.481775 310
0.481192 309
0.481192 308
0.481192 307
0.479991 307
0.479991 306
0.479797 305
0.479797 304
0.479071 303
0.479071 302
0.479071 301
0.479071 300
0.479071 299
0.478101 299
0.477849 298
0.477049 298
0.477049 297
0.477049 296
0.477049 295
0.477049 294
0.475956 294
0.475956 293
0.475956 292
0.475053 291
0.475053 290
0.475053 289
0.475053 288
0.475053 287
0.475053 286
0.475053 285
0.474832 284
0.474832 283
0.474832 282
0.474832 281
0.474787 280
0.474787 279
0.474787 278
0.474787 277
0.474787 276
0.474787 275
0.474787 274
0.474787 273
0.474787 272
0.474787 271
0.474787 270
0.474787 269
0.474787 268
0.473856 267
0.473856 266
0.473856 265
0.473856 264
0.473856 263
0.473856 262
0.472816 262
0.472816 261
0.472816 260
0.472712 259
0.472712 258
0.472712 257
0.47161 257
0.470456 257
0.470456 256
0.470456 255
0.470452 254
0.470452 253
0.470452 252
0.469492 251
0.469492 250
0.469492 249
0.469492 248
0.468845 248
0.468845 247
0.468845 246
0.467523 246
0.467523 245
0.467523 244
0.467523 243
0.467523 242
0.467523 241
0.467523 240
0.467523 239
0.467523 238
0.466375 238
0.466375 237
0.466375 236
0.46528 236
0.46528 235
0.46528 234
0.46528 233
0.46528 232
0.46528 231
0.46528 230
0.464228 230
0.464228 229
0.464228 228
0.464228 227
0.464228 226
0.463157 226
0.463157 225
0.463157 224
0.462142 224
0.461882 223
0.461882 222
0.461381 221
0.460502 220
0.460502 219
0.460502 218
0.459641 217
0.45937 216
0.45937 215
0.45937 214
0.45937 213
0.45937 212
0.45882 211
0.457612 211
0.457612 210
0.457524 209
0.456257 209
0.455601 208
0.454976 207
0.454976 206
0.454976 205
0.454976 204
0.454976 203
0.454976 202
0.454976 201
0.454976 200
0.454976 199
0.454976 198
0.454976 197
0.454976 196
0.45431 195
0.454301 194
0.452949 194
0.452949 193
0.451688 193
0.451688 192
0.451688 191
0.451688 190
0.45039 190
0.45039 189
0.449339 189
0.449339 188
0.449339 187
0.449339 186
0.449339 185
0.449339 184
0.449339 183
0.449339 182
0.449339 181
0.448035 181
0.447491 180
0.447491 179
0.447491 178
0.447491 177
0.446964 176
0.446964 175
0.446964 174
0.445891 174
0.444486 174
0.443314 174
0.443314 173
0.443314 172
0.442121 172
0.442121 171
0.442121 170
0.442121 169
0.442121 168
0.442121 167
0.442121 166
0.441407 165
0.441407 164
0.441407 163
0.440514 162
0.439245 162
0.438858 161
0.438057 160
0.437142 159
0.437142 158
0.436269 157
0.435212 157
0.434458 156
0.434458 155
0.434458 154
0.434458 153
0.434458 152
0.433228 152
0.432707 151
0.432659 150
0.432659 149
0.432659 148
0.431695 148
0.430798 148
0.430798 147
0.430798 146
0.429671 146
0.429671 145
0.428388 145
0.428388 144
0.428388 143
0.428388 142
0.428388 141
0.427534 140
0.427534 139
0.427534 138
0.427534 137
0.426457 137
0.426457 136
0.426457 135
0.425917 134
0.425917 133
0.424804 133
0.424804 132
0.424804 131
0.423527 131
0.423527 130
0.421981 130
0.421099 129
0.420193 128
0.419438 127
0.418441 127
0.418441 126
0.418441 125
0.418441 124
0.417148 124
0.417148 123
0.417148 122
0.416268 121
0.416268 120
0.416268 119
0.415481 118
0.414214 118
0.4139 117
0.4139 116
0.413094 115
0.413094 114
0.412554 113
0.411266 113
0.411266 112
0.410276 112
0.409813 111
0.408386 111
0.407205 111
0.407205 110
0.4059 110
0.4059 109
0.4059 108
0.4059 107
0.40503 106
0.40503 105
0.40503 104
0.404024 104
0.40402 103
0.40402 102
0.402955 102
0.402955 101
0.402955 100
0.402166 99
0.401188 99
0.401163 98
0.399881 98
0.398658 98
0.398658 97
0.397662 97
0.397662 96
0.396844 96
0.396844 95
0.396844 94
0.396844 93
0.395812 93
0.395812 92
0.395812 91
0.395147 90
0.395147 89
0.393885 89
0.393063 88
0.392572 87
0.391358 87
0.391225 86
0.390364 85
0.390364 84
0.389691 83
0.389691 82
0.38839 82
0.38839 81
0.387319 81
0.386974 80
0.385831 80
0.385831 79
0.385831 78
0.38452 78
0.383438 78
0.382971 77
0.381841 77
0.380528 77
0.379244 77
0.379244 76
0.379244 75
0.378254 75
0.378254 74
0.376904 74
0.375998 73
0.375998 72
0.374597 72
0.373825 72
0.373135 71
0.372075 71
0.372075 70
0.372012 69
0.37081 69
0.369683 69
0.368564 69
0.367426 69
0.367426 68
0.367426 67
0.366268 67
0.364952 67
0.364952 66
0.36378 66
0.36378 65
0.36378 64
0.36378 63
0.363279 62
0.36277 61
0.361481 61
0.360047 61
0.360047 60
0.360047 59
0.358729 59
0.357338 59
0.356036 59
0.355089 58
0.35407 58
0.35407 57
0.35315 56
0.35315 55
0.35315 54
0.35184 54
0.350743 54
0.349536 54
0.349536 53
0.349536 52
0.349536 51
0.348281 51
0.347145 51
0.346143 51
0.344833 51
0.343752 51
0.343296 50
0.343157 50
0.341998 50
0.341998 49
0.340849 49
0.339662 49
0.338878 48
0.338367 47
0.337109 47
0.336201 46
0.334875 46
0.333908 46
0.333908 45
0.332577 45
0.331249 45
0.329912 45
0.328643 45
0.327315 45
0.327315 44
0.327315 43
0.3261 43
0.324748 43
0.323722 43
0.322429 43
0.321236 43
0.321236 42
0.319994 42
0.318681 42
0.317952 41
0.316662 41
0.316662 40
0.316662 39
0.316662 38
0.315357 38
0.315357 37
0.314671 36
0.314576 35
0.313154 35
0.311956 35
0.310737 35
0.310114 34
0.310114 33
0.310114 32
0.309258 31
0.308158 31
0.307385 30
0.306902 29
0.305601 29
0.304425 29
0.303117 29
0.302181 28
0.30106 28
0.299794 28
0.298495 28
0.297569 27
0.297569 26
0.296342 26
0.295112 26
0.294 26
0.293058 25
0.291971 25
0.290742 25
0.289838 24
0.288464 24
0.288464 23
0.287289 23
0.286029 23
0.284968 23
0.283901 23
0.282578 23
0.281517 23
0.280371 23
0.279024 23
0.277902 23
0.27669 23
0.275337 23
0.274488 22
0.273222 22
0.272806 21
0.271623 21
0.270433 21
0.269206 21
0.269206 20
0.26805 20
0.267217 19
0.265739 19
0.264513 19
0.264513 18
0.26306 18
0.26177 18
0.260535 18
0.25919 18
0.257733 18
0.256756 18
0.255751 18
0.254557 18
0.254557 17
0.253552 17
0.252271 17
0.251184 17
0.25006 17
0.248773 17
0.247579 17
0.246267 17
0.244873 17
0.243613 17
0.242572 17
0.241469 17
0.240273 17
0.239018 17
0.238109 16
0.237253 15
0.236339 14
0.234994 14
0.233675 14
0.233675 13
0.232673 13
0.231594 13
0.230193 13
0.229 13
0.227905 13
0.226686 13
0.225576 13
0.225166 12
0.224017 12
0.222852 12
0.221562 12
0.220932 11
0.219638 11
0.218413 11
0.217449 11
0.216125 11
0.214864 11
0.21374 11
0.212633 11
0.211396 11
0.21013 11
0.207586 11
0.20633 11
0.205033 11
0.203781 11
0.202655 11
0.201254 11
0.1999 11
0.198721 11
0.197466 11
0.196066 11
0.194958 11
0.193895 11
0.192643 11
0.191793 10
0.190741 10
0.189524 10
0.189265 9
0.188188 9
0.186988 9
0.185682 9
0.184665 9
0.183645 9
0.182326 9
0.181083 9
0.179792 9
0.179069 8
0.17803 8
0.176823 8
0.175587 8
0.174366 8
0.173075 8
0.171887 8
0.17052 8
0.169175 8
0.168065 8
0.166753 8
0.165388 8
0.164263 8
0.16316 8
0.16201 8
0.16064 8
0.159386 8
0.158028 8
0.156651 8
0.155327 8
0.154192 8
0.153186 8
0.151986 8
0.150829 8
0.149653 8
0.148431 8
0.147097 8
0.146776 7
0.145594 7
0.144298 7
0.142983 7
0.141651 7
0.14077 6
0.13982 5
0.1396 4
0.138409 4
0.137244 4
0.135945 4
0.1348 4
0.133529 4
0.132777 3
0.131462 3
0.130145 3
0.129133 3
0.127899 3
0.126694 3
0.125634 3
0.12444 3
0.123126 3
0.121801 3
0.120756 3
0.119533 3
0.11836 3
0.117173 3
0.115885 3
0.114427 3
0.11311 3
0.111959 3
0.110799 3
0.109449 3
0.10834 3
0.107232 3
0.105766 3
0.104701 3
0.103545 3
0.102314 3
0.101185 3
0.0990027 2
0.0976989 2
0.0964066 2
0.0948333 2
0.0936917 2
0.0924371 2
0.090013 2
0.0886 2
0.0872427 2
0.086004 2
0.0848278 2
0.0835983 2
0.0823097 2
0.081016 2
0.0796318 2
0.0782707 2
0.0770029 2
0.0758418 2
0.0745279 2
0.0734821 2
0.0720987 2
0.0707683 2
0.0694718 2
0.068256 2
0.0668646 2
0.0657314 2
0.0644456 2
0.0633186 2
0.0620522 2
0.0608065 2
0.0595411 2
0.0584681 2
0.0575418 1
0.0564392 1
0.0551464 1
0.0542896 0
0.0530129 0
0.0518013 0
0.0506523 0
0.0493155 0
0.0480196 0
0.0467347 0
0.0454059 0
0.0441352 0
0.0428005 0
0.0416764 0
0.0404054 0
0.0389772 0
0.036511 0
0.0352924 0
0.0339158 0
0.032578 0
0.0314459 0
0.0304019 0
0.0291582 0
0.0280877 0
0.0266755 0
0.0253813 0
0.0239927 0
0.0228029 0
0.0215201 0
0.0189858 0
0.0177833 0
0.0152268 0
0.0126759 0
0.0115475 0
0.0101928 0
0.00881834 0
0.00765781 0
0.006356 0
0.0051713 0
0.0025293 0
0 0
