0.592233 1779 0.100126
0.592233 1778 0.100293
0.592233 1777 0.100358
0.592233 1776 0.100382
0.592233 1775 0.1004
0.592233 1774 0.10047
0.592233 1773 0.100617
0.592233 1772 0.100914
0.592233 1771 0.10107
0.592233 1770 0.101133
0.592233 1769 0.10141
0.592233 1768 0.10146
0.592233 1767 0.10149
0.592233 1766 0.101536
0.592233 1765 0.101769
0.592233 1764 0.101905
0.592233 1763 0.101991
0.592233 1762 0.102192
0.592233 1761 0.102309
0.592233 1760 0.102488
0.592233 1759 0.102628
0.592233 1758 0.102813
0.592233 1757 0.103039
0.592233 1756 0.103432
0.592233 1755 0.103483
0.592233 1754 0.1035
0.592233 1753 0.10389
0.592233 1752 0.103938
0.592233 1751 0.10453
0.592233 1750 0.104538
0.592233 1749 0.104578
0.592233 1748 0.104694
0.592233 1747 0.104937
0.592233 1746 0.105069
0.592233 1745 0.105096
0.592233 1744 0.105276
0.592233 1743 0.105332
0.592233 1742 0.105432
0.592233 1741 0.105479
0.592233 1740 0.105603
0.592233 1739 0.105686
0.592233 1738 0.105735
0.592233 1737 0.105882
0.592233 1736 0.105884
0.592233 1735 0.106195
0.592233 1734 0.106234
0.592233 1733 0.106345
0.592233 1732 0.106347
0.592233 1731 0.106366
0.592233 1730 0.106694
0.592233 1729 0.106826
0.592233 1728 0.106845
0.592233 1727 0.106923
0.592233 1726 0.10696
0.592233 1725 0.106994
0.592233 1724 0.107209
0.592233 1723 0.107875
0.592233 1722 0.107892
0.592233 1721 0.108004
0.592233 1720 0.108038
0.592233 1719 0.108112
0.592233 1718 0.108113
0.592233 1717 0.108151
0.592233 1716 0.108177
0.592233 1715 0.108265
0.592233 1714 0.10839
0.592233 1713 0.108425
0.592233 1712 0.108546
0.592233 1711 0.108869
0.592233 1710 0.109029
0.592233 1709 0.109141
0.592233 1708 0.10939
0.592233 1707 0.109477
0.592233 1706 0.109492
0.592233 1705 0.109644
0.592233 1704 0.109776
0.592233 1703 0.109789
0.592233 1702 0.109914
0.592233 1701 0.109917
0.592233 1700 0.11
0.592233 1699 0.11024
0.592233 1698 0.110461
0.592233 1697 0.110506
0.592233 1696 0.110521
0.592233 1695 0.110749
0.592233 1694 0.110895
0.592233 1693 0.110907
0.592233 1692 0.111006
0.592233 1691 0.111129
0.592233 1690 0.111243
0.592233 1689 0.111265
0.592233 1688 0.111563
0.592233 1687 0.111804
0.592233 1686 0.111893
0.592233 1685 0.112052
0.592233 1684 0.112237
0.592233 1683 0.112579
0.592233 1682 0.112633
0.592233 1681 0.112692
0.592233 1680 0.112763
0.592233 1679 0.112809
0.592233 1678 0.11283
0.592233 1677 0.112851
0.592233 1676 0.112867
0.592233 1675 0.113256
0.592233 1674 0.11328
0.592233 1673 0.113298
0.592233 1672 0.113504
0.592233 1671 0.113539
0.592233 1670 0.113563
0.592233 1669 0.113573
0.592233 1668 0.113623
0.592233 1667 0.11377
0.592233 1666 0.113821
0.592233 1665 0.113855
0.592233 1664 0.113907
0.592233 1663 0.114094
0.592233 1662 0.114105
0.592233 1661 0.114337
0.592233 1660 0.114351
0.592233 1659 0.114356
0.592233 1658 0.114362
0.592233 1657 0.114995
0.592233 1656 0.115384
0.592233 1655 0.11545
0.592233 1654 0.115594
0.592233 1653 0.1159
0.592233 1652 0.115925
0.592233 1651 0.115951
0.592233 1650 0.116204
0.592233 1649 0.11625
0.592233 1648 0.116253
0.592233 1647 0.116477
0.592233 1646 0.116752
0.592233 1645 0.116878
0.592233 1644 0.116942
0.592233 1643 0.117404
0.592233 1642 0.117593
0.592233 1641 0.118017
0.592233 1640 0.118215
0.592233 1639 0.118256
0.592233 1638 0.118405
0.592233 1637 0.118453
0.592233 1636 0.118458
0.592233 1635 0.118502
0.592233 1634 0.118664
0.592233 1633 0.118713
0.592233 1632 0.119044
0.592233 1631 0.11906
0.592233 1630 0.119236
0.592233 1629 0.119241
0.592233 1628 0.119314
0.592233 1627 0.11935
0.592233 1626 0.119605
0.592233 1625 0.119724
0.592233 1624 0.119914
0.592233 1623 0.120358
0.592233 1622 0.1204
0.592233 1621 0.12043
0.592233 1620 0.12045
0.592233 1619 0.120726
0.592233 1618 0.120752
0.592233 1617 0.120922
0.592233 1616 0.121095
0.592233 1615 0.121108
0.592233 1614 0.121456
0.592233 1613 0.121857
0.592233 1612 0.122236
0.592233 1611 0.122268
0.592233 1610 0.122385
0.592233 1609 0.122398
0.592233 1608 0.12307
0.592233 1607 0.123104
0.592233 1606 0.123294
0.592233 1605 0.123567
0.592233 1604 0.123609
0.592233 1603 0.123636
0.592233 1602 0.123898
0.592233 1601 0.124318
0.592233 1600 0.124427
0.592233 1599 0.12453
0.592233 1598 0.124758
0.592233 1597 0.124804
0.592233 1596 0.124909
0.592233 1595 0.124981
0.592233 1594 0.125487
0.592233 1593 0.125623
0.592233 1592 0.125686
0.592233 1591 0.125999
0.592233 1590 0.126042
0.592233 1589 0.126106
0.592233 1588 0.126138
0.592233 1587 0.126166
0.592233 1586 0.126389
0.592233 1585 0.126497
0.592233 1584 0.12658
0.592233 1583 0.126689
0.592233 1582 0.126752
0.592233 1581 0.127156
0.592233 1580 0.127184
0.592233 1579 0.127245
0.592233 1578 0.12784
0.592233 1577 0.128195
0.592233 1576 0.128466
0.592233 1575 0.128694
0.592233 1574 0.128714
0.592233 1573 0.128761
0.592233 1572 0.129616
0.592233 1571 0.129625
0.592233 1570 0.129658
0.592233 1569 0.1298
0.592233 1568 0.130194
0.592233 1567 0.130311
0.592233 1566 0.130376
0.592233 1565 0.130463
0.592233 1564 0.130535
0.592233 1563 0.130583
0.592233 1562 0.130747
0.592233 1561 0.130838
0.592233 1560 0.130852
0.592233 1559 0.130966
0.592233 1558 0.131155
0.592233 1557 0.131185
0.592233 1556 0.131202
0.592233 1555 0.131314
0.592233 1554 0.131501
0.592233 1553 0.131875
0.592233 1552 0.1319
0.592233 1551 0.13191
0.592233 1550 0.132241
0.592233 1549 0.132397
0.592233 1548 0.132422
0.592233 1547 0.132565
0.592233 1546 0.132595
0.592233 1545 0.132736
0.592233 1544 0.132882
0.592233 1543 0.133126
0.592233 1542 0.133424
0.592233 1541 0.133561
0.592233 1540 0.133792
0.592233 1539 0.134154
0.592233 1538 0.134506
0.592233 1537 0.134796
0.592233 1536 0.134813
0.592233 1535 0.135108
0.592233 1534 0.135267
0.592233 1533 0.135378
0.592233 1532 0.135733
0.592233 1531 0.136136
0.592233 1530 0.136509
0.592233 1529 0.13672
0.592233 1528 0.136798
0.592233 1527 0.136914
0.592233 1526 0.136993
0.592233 1525 0.137025
0.592233 1524 0.137342
0.592233 1523 0.137755
0.592233 1522 0.137973
0.592233 1521 0.137998
0.592233 1520 0.138508
0.592233 1519 0.138761
0.592233 1518 0.138953
0.592233 1517 0.138993
0.590291 1517 0.138999
0.590291 1516 0.139285
0.590291 1515 0.139463
0.590291 1514 0.139524
0.590291 1513 0.139575
0.590291 1512 0.139838
0.590291 1511 0.14018
0.590291 1510 0.140339
0.590291 1509 0.1409
0.590291 1508 0.140913
0.590291 1507 0.140934
0.590291 1506 0.141105
0.590291 1505 0.141129
0.590291 1504 0.141244
0.590291 1503 0.141266
0.590291 1502 0.141285
0.590291 1501 0.141327
0.590291 1500 0.141747
0.590291 1499 0.141768
0.590291 1498 0.141865
0.590291 1497 0.142812
0.590291 1496 0.14292
0.590291 1495 0.143274
0.590291 1494 0.143547
0.590291 1493 0.14355
0.590291 1492 0.143711
0.590291 1491 0.143783
0.590291 1490 0.1438
0.590291 1489 0.143807
0.590291 1488 0.14398
0.590291 1487 0.144274
0.590291 1486 0.144384
0.590291 1485 0.144444
0.590291 1484 0.144573
0.590291 1483 0.144732
0.590291 1482 0.144941
0.590291 1481 0.145305
0.590291 1480 0.145863
0.590291 1479 0.146133
0.58835 1479 0.146164
0.58835 1478 0.146255
0.58835 1477 0.146942
0.58835 1476 0.147065
0.58835 1475 0.147462
0.58835 1474 0.147691
0.58835 1473 0.147784
0.58835 1472 0.147813
0.58835 1471 0.148337
0.58835 1470 0.148491
0.58835 1469 0.148507
0.58835 1468 0.148779
0.586408 1468 0.149478
0.586408 1467 0.149567
0.586408 1466 0.149649
0.586408 1465 0.149655
0.586408 1464 0.149767
0.586408 1463 0.149951
0.586408 1462 0.149953
0.586408 1461 0.150124
0.586408 1460 0.150658
0.586408 1459 0.150773
0.586408 1458 0.151367
0.586408 1457 0.151368
0.586408 1456 0.151404
0.586408 1455 0.151886
0.586408 1454 0.152034
0.586408 1453 0.152329
0.586408 1452 0.15256
0.586408 1451 0.153331
0.586408 1450 0.153802
0.586408 1449 0.153936
0.586408 1448 0.154354
0.586408 1447 0.154564
0.586408 1446 0.154834
0.586408 1445 0.155027
0.586408 1444 0.155574
0.586408 1443 0.155762
0.586408 1442 0.156486
0.586408 1441 0.156501
0.586408 1440 0.156999
0.586408 1439 0.157014
0.586408 1438 0.157076
0.586408 1437 0.157355
0.586408 1436 0.157482
0.586408 1435 0.158131
0.586408 1434 0.159146
0.586408 1433 0.159306
0.586408 1432 0.159601
0.586408 1431 0.159867
0.586408 1430 0.160202
0.586408 1429 0.160251
0.586408 1428 0.161095
0.586408 1427 0.161244
0.586408 1426 0.162233
0.586408 1425 0.162659
0.586408 1424 0.16274
0.586408 1423 0.163056
0.586408 1422 0.163442
0.586408 1421 0.163731
0.586408 1420 0.163744
0.586408 1419 0.164482
0.586408 1418 0.164703
0.586408 1417 0.165141
0.586408 1416 0.165344
0.586408 1415 0.166486
0.586408 1414 0.166508
0.586408 1413 0.166679
0.586408 1412 0.166767
0.586408 1411 0.167209
0.586408 1410 0.167219
0.586408 1409 0.167329
0.586408 1408 0.167453
0.586408 1407 0.167739
0.586408 1406 0.167787
0.586408 1405 0.167919
0.586408 1404 0.168309
0.586408 1403 0.168395
0.586408 1402 0.1689
0.586408 1401 0.169095
0.586408 1400 0.169401
0.586408 1399 0.169587
0.586408 1398 0.169611
0.586408 1397 0.169661
0.586408 1396 0.170412
0.586408 1395 0.170598
0.586408 1394 0.170667
0.586408 1393 0.17104
0.586408 1392 0.171789
0.586408 1391 0.171936
0.586408 1390 0.172087
0.586408 1389 0.172124
0.586408 1388 0.172195
0.586408 1387 0.172228
0.586408 1386 0.172491
0.586408 1385 0.172968
0.586408 1384 0.173456
0.586408 1383 0.173628
0.586408 1382 0.173785
0.586408 1381 0.173997
0.586408 1380 0.174076
0.586408 1379 0.174608
0.586408 1378 0.175254
0.586408 1377 0.175422
0.586408 1376 0.17622
0.586408 1375 0.17653
0.586408 1374 0.176677
0.586408 1373 0.176945
0.586408 1372 0.177046
0.586408 1371 0.177633
0.586408 1370 0.177782
0.586408 1369 0.178109
0.586408 1368 0.178434
0.586408 1367 0.178698
0.586408 1366 0.178751
0.586408 1365 0.179314
0.586408 1364 0.17934
0.586408 1363 0.179706
0.586408 1362 0.18049
0.586408 1361 0.180496
0.586408 1360 0.18131
0.586408 1359 0.183764
0.586408 1358 0.183815
0.586408 1357 0.183957
0.586408 1356 0.184096
0.586408 1355 0.184135
0.586408 1354 0.18416
0.586408 1353 0.184388
0.586408 1352 0.184415
0.586408 1351 0.184829
0.586408 1350 0.184896
0.586408 1349 0.185132
0.586408 1348 0.185165
0.586408 1347 0.185197
0.586408 1346 0.185474
0.586408 1345 0.185789
0.586408 1344 0.185819
0.586408 1343 0.186489
0.586408 1342 0.186909
0.586408 1341 0.187286
0.586408 1340 0.187294
0.586408 1339 0.187466
0.586408 1338 0.187603
0.586408 1337 0.188197
0.584466 1337 0.188507
0.584466 1336 0.189184
0.584466 1335 0.189408
0.584466 1334 0.189817
0.584466 1333 0.19015
0.584466 1332 0.190254
0.584466 1331 0.190521
0.584466 1330 0.191124
0.584466 1329 0.192226
0.584466 1328 0.192367
0.584466 1327 0.192815
0.584466 1326 0.193164
0.584466 1325 0.193238
0.584466 1324 0.193417
0.584466 1323 0.193506
0.584466 1322 0.193864
0.584466 1321 0.19395
0.584466 1320 0.194517
0.584466 1319 0.194724
0.584466 1318 0.196128
0.584466 1317 0.196461
0.584466 1316 0.197158
0.584466 1315 0.197719
0.584466 1314 0.197772
0.584466 1313 0.198168
0.584466 1312 0.198175
0.584466 1311 0.198662
0.584466 1310 0.199053
0.584466 1309 0.199374
0.584466 1308 0.199503
0.584466 1307 0.199747
0.584466 1306 0.200786
0.584466 1305 0.201113
0.584466 1304 0.201249
0.584466 1303 0.201671
0.584466 1302 0.201795
0.584466 1301 0.201915
0.584466 1300 0.20199
0.584466 1299 0.202064
0.584466 1298 0.202271
0.584466 1297 0.202514
0.582524 1297 0.203139
0.582524 1296 0.203145
0.582524 1295 0.203187
0.582524 1294 0.203664
0.582524 1293 0.203688
0.582524 1292 0.203699
0.582524 1291 0.204053
0.582524 1290 0.204234
0.582524 1289 0.204649
0.582524 1288 0.204715
0.582524 1287 0.205233
0.582524 1286 0.205247
0.582524 1285 0.205265
0.582524 1284 0.205714
0.582524 1283 0.206716
0.582524 1282 0.206785
0.582524 1281 0.207216
0.582524 1280 0.207381
0.582524 1279 0.207432
0.582524 1278 0.2078
0.582524 1277 0.209296
0.582524 1276 0.209309
0.582524 1275 0.20931
0.582524 1274 0.209605
0.582524 1273 0.209786
0.582524 1272 0.209937
0.582524 1271 0.209978
0.582524 1270 0.21005
0.582524 1269 0.210751
0.582524 1268 0.211275
0.582524 1267 0.211318
0.582524 1266 0.21148
0.582524 1265 0.212046
0.582524 1264 0.212249
0.582524 1263 0.212264
0.582524 1262 0.212583
0.582524 1261 0.212807
0.582524 1260 0.213034
0.582524 1259 0.21317
0.582524 1258 0.213481
0.582524 1257 0.214529
0.582524 1256 0.214772
0.582524 1255 0.215243
0.582524 1254 0.215335
0.582524 1253 0.215441
0.582524 1252 0.215483
0.582524 1251 0.216389
0.582524 1250 0.216995
0.582524 1249 0.217396
0.582524 1248 0.218066
0.582524 1247 0.218113
0.582524 1246 0.218171
0.582524 1245 0.218185
0.582524 1244 0.218776
0.582524 1243 0.218844
0.582524 1242 0.218974
0.582524 1241 0.219668
0.582524 1240 0.219831
0.582524 1239 0.220158
0.582524 1238 0.220257
0.582524 1237 0.220453
0.582524 1236 0.220499
0.582524 1235 0.22052
0.582524 1234 0.221559
0.582524 1233 0.221668
0.582524 1232 0.221678
0.582524 1231 0.221979
0.582524 1230 0.221995
0.582524 1229 0.222381
0.582524 1228 0.222435
0.582524 1227 0.22307
0.582524 1226 0.223469
0.582524 1225 0.22368
0.582524 1224 0.224079
0.582524 1223 0.224985
0.582524 1222 0.2252
0.582524 1221 0.225961
0.582524 1220 0.226631
0.582524 1219 0.226911
0.582524 1218 0.227038
0.582524 1217 0.227124
0.582524 1216 0.227129
0.582524 1215 0.228485
0.582524 1214 0.228496
0.582524 1213 0.229378
0.582524 1212 0.229517
0.582524 1211 0.230191
0.582524 1210 0.231541
0.582524 1209 0.231818
0.582524 1208 0.232285
0.582524 1207 0.232484
0.582524 1206 0.232976
0.582524 1205 0.233435
0.582524 1204 0.233604
0.582524 1203 0.233669
0.582524 1202 0.233697
0.582524 1201 0.233771
0.582524 1200 0.234152
0.582524 1199 0.234539
0.582524 1198 0.234932
0.582524 1197 0.235555
0.582524 1196 0.235855
0.582524 1195 0.235894
0.582524 1194 0.236034
0.582524 1193 0.236064
0.582524 1192 0.236288
0.582524 1191 0.236315
0.582524 1190 0.236379
0.582524 1189 0.23655
0.582524 1188 0.236798
0.582524 1187 0.236821
0.582524 1186 0.237025
0.582524 1185 0.237454
0.582524 1184 0.238049
0.582524 1183 0.238876
0.582524 1182 0.239
0.582524 1181 0.239348
0.582524 1180 0.239664
0.582524 1179 0.240099
0.582524 1178 0.240542
0.582524 1177 0.240776
0.582524 1176 0.241123
0.582524 1175 0.241627
0.582524 1174 0.241688
0.582524 1173 0.242134
0.582524 1172 0.242178
0.582524 1171 0.242395
0.582524 1170 0.242629
0.580583 1170 0.243348
0.580583 1169 0.244477
0.580583 1168 0.244489
0.580583 1167 0.244795
0.580583 1166 0.244871
0.580583 1165 0.245197
0.580583 1164 0.245537
0.580583 1163 0.245633
0.580583 1162 0.245663
0.580583 1161 0.247425
0.580583 1160 0.248773
0.580583 1159 0.249132
0.580583 1158 0.249291
0.580583 1157 0.249294
0.580583 1156 0.24962
0.580583 1155 0.249649
0.580583 1154 0.249903
0.580583 1153 0.250433
0.580583 1152 0.250454
0.580583 1151 0.250478
0.580583 1150 0.250715
0.580583 1149 0.250953
0.580583 1148 0.25131
0.580583 1147 0.251757
0.580583 1146 0.251959
0.580583 1145 0.252884
0.580583 1144 0.253026
0.580583 1143 0.253045
0.580583 1142 0.254216
0.580583 1141 0.254982
0.580583 1140 0.255199
0.580583 1139 0.255457
0.580583 1138 0.255554
0.580583 1137 0.255754
0.580583 1136 0.255792
0.580583 1135 0.257134
0.580583 1134 0.257476
0.580583 1133 0.257637
0.580583 1132 0.257944
0.580583 1131 0.258348
0.580583 1130 0.25841
0.580583 1129 0.259438
0.580583 1128 0.259733
0.580583 1127 0.259952
0.580583 1126 0.260477
0.580583 1125 0.260511
0.580583 1124 0.260548
0.578641 1124 0.26101
0.578641 1123 0.261103
0.578641 1122 0.261447
0.578641 1121 0.26181
0.578641 1120 0.261948
0.578641 1119 0.262165
0.578641 1118 0.262567
0.578641 1117 0.262797
0.578641 1116 0.264556
0.578641 1115 0.264601
0.578641 1114 0.264927
0.578641 1113 0.265185
0.578641 1112 0.265274
0.578641 1111 0.265389
0.578641 1110 0.266075
0.578641 1109 0.266213
0.578641 1108 0.266329
0.578641 1107 0.266726
0.576699 1107 0.266847
0.576699 1106 0.267053
0.576699 1105 0.267128
0.576699 1104 0.267741
0.574757 1104 0.268485
0.574757 1103 0.268766
0.574757 1102 0.268956
0.574757 1101 0.269297
0.574757 1100 0.269442
0.574757 1099 0.269574
0.574757 1098 0.26972
0.574757 1097 0.269836
0.574757 1096 0.269912
0.574757 1095 0.270554
0.574757 1094 0.270604
0.574757 1093 0.271719
0.574757 1092 0.272279
0.574757 1091 0.273243
0.574757 1090 0.273747
0.574757 1089 0.274396
0.574757 1088 0.275011
0.574757 1087 0.276833
0.574757 1086 0.278206
0.574757 1085 0.278821
0.574757 1084 0.278884
0.574757 1083 0.278893
0.574757 1082 0.279546
0.574757 1081 0.280179
0.574757 1080 0.281078
0.574757 1079 0.281638
0.574757 1078 0.282047
0.574757 1077 0.282303
0.574757 1076 0.282325
0.574757 1075 0.282492
0.574757 1074 0.282528
0.574757 1073 0.282536
0.574757 1072 0.283052
0.574757 1071 0.283063
0.574757 1070 0.283258
0.574757 1069 0.28397
0.574757 1068 0.284084
0.574757 1067 0.284202
0.574757 1066 0.285239
0.574757 1065 0.285274
0.574757 1064 0.286381
0.574757 1063 0.286486
0.574757 1062 0.286543
0.574757 1061 0.287516
0.574757 1060 0.287985
0.574757 1059 0.288046
0.574757 1058 0.288456
0.574757 1057 0.28962
0.574757 1056 0.28988
0.574757 1055 0.290121
0.574757 1054 0.290467
0.574757 1053 0.290673
0.574757 1052 0.290735
0.574757 1051 0.291285
0.574757 1050 0.291974
0.574757 1049 0.292826
0.574757 1048 0.293368
0.574757 1047 0.293621
0.574757 1046 0.293921
0.574757 1045 0.294349
0.574757 1044 0.295921
0.574757 1043 0.296598
0.574757 1042 0.29695
0.574757 1041 0.297259
0.574757 1040 0.297412
0.574757 1039 0.298154
0.574757 1038 0.298954
0.574757 1037 0.301487
0.574757 1036 0.301503
0.574757 1035 0.301533
0.574757 1034 0.301783
0.574757 1033 0.302092
0.574757 1032 0.302818
0.574757 1031 0.303316
0.574757 1030 0.304352
0.574757 1029 0.30463
0.574757 1028 0.305415
0.574757 1027 0.306056
0.574757 1026 0.30626
0.574757 1025 0.307388
0.574757 1024 0.30826
0.574757 1023 0.309042
0.574757 1022 0.309251
0.574757 1021 0.310067
0.574757 1020 0.310467
0.574757 1019 0.31084
0.574757 1018 0.311826
0.574757 1017 0.311935
0.574757 1016 0.312226
0.574757 1015 0.312266
0.574757 1014 0.3126
0.574757 1013 0.312863
0.574757 1012 0.313562
0.574757 1011 0.314703
0.574757 1010 0.315382
0.572816 1010 0.316676
0.572816 1009 0.317659
0.572816 1008 0.320198
0.572816 1007 0.321123
0.572816 1006 0.321141
0.572816 1005 0.321417
0.572816 1004 0.321697
0.572816 1003 0.321721
0.572816 1002 0.322454
0.572816 1001 0.323958
0.572816 1000 0.325102
0.572816 999 0.325511
0.572816 998 0.325514
0.572816 997 0.327029
0.572816 996 0.327269
0.572816 995 0.328012
0.572816 994 0.328051
0.572816 993 0.328284
0.572816 992 0.329024
0.572816 991 0.32956
0.572816 990 0.329637
0.572816 989 0.329658
0.572816 988 0.329907
0.572816 987 0.331843
0.572816 986 0.33234
0.572816 985 0.332439
0.572816 984 0.33299
0.572816 983 0.333854
0.572816 982 0.334145
0.572816 981 0.338002
0.572816 980 0.338068
0.572816 979 0.338233
0.572816 978 0.338833
0.572816 977 0.339479
0.572816 976 0.340612
0.572816 975 0.341433
0.572816 974 0.341558
0.572816 973 0.343108
0.572816 972 0.344308
0.572816 971 0.344638
0.572816 970 0.34468
0.572816 969 0.345091
0.572816 968 0.345589
0.570874 968 0.346111
0.570874 967 0.346424
0.570874 966 0.346929
0.570874 965 0.347084
0.570874 964 0.347368
0.570874 963 0.347604
0.570874 962 0.348016
0.570874 961 0.348223
0.570874 960 0.350609
0.570874 959 0.351211
0.570874 958 0.351233
0.570874 957 0.351729
0.570874 956 0.352586
0.570874 955 0.352826
0.570874 954 0.352924
0.570874 953 0.353873
0.570874 952 0.354233
0.570874 951 0.354238
0.570874 950 0.354635
0.570874 949 0.355918
0.570874 948 0.355923
0.570874 947 0.358457
0.570874 946 0.358641
0.570874 945 0.358858
0.570874 944 0.359516
0.570874 943 0.359812
0.570874 942 0.359846
0.570874 941 0.360177
0.570874 940 0.360436
0.570874 939 0.360739
0.570874 938 0.360922
0.570874 937 0.360953
0.570874 936 0.361119
0.570874 935 0.362366
0.570874 934 0.362476
0.570874 933 0.362564
0.570874 932 0.362571
0.570874 931 0.36577
0.570874 930 0.36597
0.570874 929 0.36709
0.570874 928 0.368416
0.570874 927 0.369603
0.570874 926 0.370646
0.570874 925 0.371202
0.570874 924 0.371455
0.570874 923 0.372278
0.570874 922 0.372685
0.570874 921 0.373411
0.570874 920 0.37387
0.570874 919 0.373911
0.570874 918 0.374031
0.570874 917 0.374037
0.570874 916 0.374373
0.570874 915 0.374997
0.570874 914 0.375008
0.570874 913 0.375609
0.570874 912 0.375885
0.570874 911 0.378136
0.570874 910 0.37826
0.570874 909 0.378328
0.570874 908 0.378333
0.570874 907 0.378662
0.570874 906 0.379094
0.570874 905 0.379357
0.570874 904 0.379651
0.570874 903 0.379748
0.570874 902 0.380446
0.570874 901 0.380465
0.570874 900 0.381647
0.570874 899 0.381675
0.570874 898 0.382141
0.570874 897 0.382156
0.570874 896 0.382661
0.570874 895 0.382972
0.570874 894 0.385384
0.570874 893 0.386011
0.570874 892 0.387147
0.570874 891 0.387216
0.570874 890 0.387527
0.570874 889 0.387535
0.570874 888 0.387937
0.570874 887 0.387953
0.570874 886 0.388105
0.570874 885 0.388956
0.570874 884 0.39058
0.570874 883 0.390795
0.570874 882 0.392873
0.570874 881 0.393151
0.570874 880 0.393568
0.570874 879 0.393903
0.570874 878 0.395493
0.570874 877 0.39615
0.570874 876 0.397254
0.570874 875 0.397722
0.570874 874 0.399466
0.570874 873 0.400931
0.570874 872 0.401151
0.570874 871 0.403094
0.570874 870 0.403662
0.570874 869 0.404139
0.570874 868 0.404247
0.570874 867 0.405082
0.570874 866 0.405462
0.570874 865 0.4055
0.570874 864 0.405685
0.570874 863 0.405755
0.570874 862 0.406644
0.570874 861 0.407879
0.570874 860 0.407992
0.570874 859 0.408938
0.570874 858 0.409164
0.570874 857 0.409649
0.570874 856 0.409681
0.570874 855 0.410203
0.570874 854 0.410233
0.570874 853 0.410587
0.570874 852 0.410774
0.570874 851 0.410868
0.568932 851 0.411425
0.568932 850 0.41398
0.568932 849 0.414987
0.568932 848 0.41509
0.568932 847 0.41725
0.568932 846 0.417899
0.568932 845 0.419087
0.568932 844 0.419161
0.568932 843 0.420273
0.568932 842 0.421648
0.568932 841 0.422255
0.568932 840 0.422305
0.568932 839 0.4243
0.568932 838 0.424927
0.568932 837 0.424933
0.568932 836 0.42587
0.568932 835 0.426478
0.568932 834 0.426668
0.568932 833 0.427291
0.568932 832 0.427343
0.568932 831 0.427761
0.568932 830 0.427906
0.568932 829 0.428252
0.568932 828 0.428907
0.568932 827 0.429809
0.568932 826 0.431666
0.568932 825 0.431981
0.568932 824 0.432963
0.568932 823 0.43327
0.568932 822 0.433283
0.568932 821 0.434862
0.568932 820 0.435091
0.568932 819 0.435496
0.568932 818 0.436349
0.568932 817 0.436605
0.568932 816 0.436619
0.568932 815 0.43748
0.568932 814 0.437881
0.568932 813 0.438387
0.568932 812 0.43927
0.568932 811 0.439425
0.568932 810 0.440001
0.568932 809 0.44032
0.568932 808 0.440772
0.568932 807 0.442155
0.568932 806 0.442226
0.568932 805 0.443526
0.568932 804 0.444309
0.568932 803 0.44544
0.568932 802 0.446596
0.568932 801 0.447498
0.568932 800 0.447938
0.568932 799 0.448105
0.568932 798 0.448301
0.568932 797 0.449144
0.568932 796 0.450272
0.568932 795 0.450482
0.568932 794 0.451643
0.568932 793 0.451653
0.568932 792 0.452707
0.568932 791 0.453217
0.568932 790 0.453269
0.568932 789 0.454237
0.568932 788 0.454265
0.56699 788 0.456302
0.56699 787 0.456993
0.56699 786 0.457268
0.56699 785 0.457379
0.56699 784 0.458342
0.56699 783 0.45928
0.56699 782 0.460225
0.56699 781 0.460401
0.56699 780 0.460876
0.56699 779 0.461078
0.56699 778 0.461582
0.56699 777 0.462112
0.56699 776 0.462641
0.56699 775 0.463456
0.56699 774 0.464841
0.56699 773 0.4651
0.56699 772 0.466613
0.565049 772 0.468397
0.565049 771 0.468453
0.565049 770 0.469199
0.565049 769 0.469923
0.565049 768 0.4708
0.565049 767 0.47151
0.565049 766 0.471765
0.565049 765 0.472219
0.565049 764 0.472322
0.565049 763 0.472394
0.563107 763 0.472754
0.563107 762 0.472982
0.563107 761 0.473471
0.563107 760 0.474027
0.563107 759 0.474279
0.563107 758 0.474567
0.563107 757 0.474872
0.563107 756 0.475202
0.563107 755 0.475623
0.563107 754 0.476109
0.563107 753 0.47611
0.563107 752 0.477117
0.563107 751 0.478899
0.563107 750 0.479143
0.563107 749 0.479175
0.563107 748 0.48052
0.563107 747 0.48106
0.563107 746 0.481114
0.563107 745 0.48129
0.561165 745 0.48154
0.561165 744 0.481882
0.561165 743 0.482006
0.561165 742 0.482295
0.561165 741 0.482533
0.559223 741 0.483397
0.559223 740 0.483689
0.559223 739 0.484484
0.559223 738 0.485786
0.559223 737 0.485816
0.559223 736 0.488088
0.559223 735 0.488366
0.559223 734 0.49178
0.559223 733 0.491893
0.559223 732 0.492447
0.559223 731 0.493077
0.559223 730 0.494986
0.559223 729 0.495032
0.559223 728 0.495432
0.559223 727 0.495852
0.559223 726 0.496087
0.559223 725 0.496379
0.559223 724 0.496496
0.559223 723 0.496588
0.559223 722 0.497131
0.559223 721 0.498236
0.559223 720 0.49835
0.559223 719 0.499325
0.559223 718 0.499648
0.559223 717 0.500844
0.559223 716 0.501354
0.559223 715 0.504074
0.559223 714 0.504575
0.559223 713 0.506584
0.559223 712 0.506651
0.559223 711 0.50792
0.559223 710 0.509289
0.559223 709 0.509535
0.559223 708 0.509541
0.559223 707 0.511001
0.559223 706 0.511297
0.559223 705 0.512892
0.559223 704 0.513402
0.559223 703 0.515187
0.559223 702 0.51605
0.559223 701 0.518615
0.559223 700 0.518905
0.559223 699 0.519265
0.559223 698 0.522874
0.559223 697 0.523934
0.559223 696 0.524247
0.559223 695 0.524462
0.559223 694 0.5245
0.559223 693 0.524523
0.559223 692 0.525046
0.559223 691 0.526344
0.559223 690 0.527135
0.559223 689 0.528035
0.559223 688 0.529323
0.559223 687 0.530604
0.559223 686 0.531096
0.559223 685 0.53322
0.559223 684 0.533842
0.559223 683 0.534062
0.559223 682 0.53443
0.559223 681 0.535015
0.559223 680 0.536265
0.559223 679 0.537513
0.559223 678 0.539058
0.559223 677 0.539588
0.559223 676 0.5439
0.559223 675 0.545212
0.559223 674 0.546688
0.559223 673 0.547337
0.559223 672 0.548568
0.559223 671 0.548994
0.559223 670 0.551139
0.559223 669 0.551903
0.559223 668 0.552289
0.559223 667 0.553179
0.559223 666 0.55427
0.559223 665 0.554472
0.559223 664 0.55505
0.559223 663 0.557323
0.559223 662 0.558715
0.559223 661 0.558759
0.559223 660 0.559482
0.559223 659 0.560024
0.559223 658 0.561625
0.559223 657 0.561627
0.559223 656 0.561645
0.559223 655 0.562574
0.559223 654 0.562914
0.559223 653 0.563088
0.559223 652 0.563132
0.559223 651 0.563252
0.559223 650 0.563903
0.557282 650 0.564039
0.557282 649 0.564261
0.557282 648 0.564296
0.557282 647 0.564882
0.557282 646 0.566222
0.557282 645 0.566652
0.557282 644 0.567806
0.557282 643 0.568449
0.557282 642 0.570301
0.557282 641 0.570834
0.557282 640 0.5714
0.557282 639 0.572403
0.557282 638 0.572917
0.557282 637 0.573853
0.557282 636 0.573873
0.557282 635 0.575111
0.557282 634 0.575718
0.557282 633 0.576731
0.55534 633 0.576941
0.55534 632 0.577296
0.55534 631 0.578205
0.55534 630 0.578749
0.55534 629 0.580046
0.55534 628 0.580984
0.55534 627 0.583588
0.55534 626 0.584766
0.553398 626 0.586902
0.553398 625 0.588949
0.553398 624 0.590449
0.553398 623 0.590771
0.553398 622 0.591193
0.551456 622 0.592937
0.551456 621 0.595833
0.549515 621 0.597222
0.549515 620 0.597523
0.549515 619 0.598038
0.549515 618 0.599123
0.549515 617 0.599721
0.549515 616 0.60085
0.549515 615 0.60188
0.549515 614 0.602339
0.549515 613 0.60267
0.549515 612 0.603414
0.549515 611 0.603631
0.549515 610 0.604004
0.549515 609 0.604015
0.549515 608 0.606273
0.549515 607 0.606678
0.549515 606 0.606763
0.549515 605 0.60956
0.549515 604 0.609936
0.549515 603 0.610072
0.549515 602 0.610772
0.549515 601 0.611585
0.549515 600 0.611949
0.549515 599 0.613059
0.549515 598 0.613443
0.549515 597 0.61493
0.549515 596 0.615585
0.549515 595 0.616084
0.549515 594 0.616158
0.549515 593 0.616954
0.549515 592 0.617149
0.549515 591 0.620708
0.549515 590 0.621706
0.549515 589 0.625087
0.549515 588 0.626402
0.549515 587 0.627693
0.549515 586 0.627808
0.549515 585 0.628543
0.549515 584 0.628623
0.549515 583 0.629096
0.549515 582 0.629722
0.549515 581 0.629761
0.549515 580 0.630844
0.549515 579 0.632672
0.549515 578 0.632674
0.549515 577 0.634321
0.549515 576 0.634565
0.549515 575 0.634625
0.549515 574 0.636415
0.549515 573 0.638705
0.549515 572 0.639526
0.549515 571 0.640652
0.549515 570 0.640747
0.549515 569 0.641194
0.549515 568 0.64216
0.547573 568 0.643123
0.545631 568 0.64342
0.545631 567 0.644143
0.545631 566 0.645229
0.545631 565 0.646056
0.545631 564 0.646676
0.545631 563 0.647174
0.545631 562 0.648523
0.545631 561 0.648529
0.545631 560 0.649224
0.545631 559 0.649623
0.545631 558 0.649648
0.545631 557 0.650128
0.545631 556 0.650203
0.545631 555 0.651259
0.545631 554 0.652538
0.545631 553 0.653582
0.545631 552 0.653765
0.545631 551 0.654812
0.545631 550 0.654943
0.545631 549 0.655549
0.545631 548 0.658651
0.545631 547 0.658674
0.545631 546 0.663384
0.545631 545 0.663578
0.543689 545 0.664221
0.543689 544 0.665158
0.543689 543 0.665631
0.543689 542 0.66595
0.543689 541 0.667095
0.543689 540 0.668668
0.543689 539 0.66873
0.543689 538 0.669559
0.541748 538 0.670072
0.541748 537 0.670116
0.541748 536 0.673773
0.541748 535 0.675196
0.541748 534 0.675481
0.541748 533 0.67581
0.541748 532 0.675906
0.541748 531 0.677184
0.541748 530 0.67977
0.541748 529 0.680762
0.541748 528 0.680769
0.541748 527 0.68143
0.541748 526 0.681798
0.541748 525 0.682314
0.541748 524 0.68276
0.541748 523 0.683798
0.541748 522 0.683851
0.541748 521 0.684332
0.541748 520 0.68504
0.541748 519 0.687197
0.541748 518 0.687582
0.541748 517 0.689723
0.541748 516 0.689854
0.541748 515 0.692032
0.541748 514 0.692878
0.541748 513 0.693323
0.541748 512 0.693392
0.541748 511 0.693726
0.541748 510 0.693868
0.541748 509 0.69492
0.541748 508 0.695044
0.541748 507 0.695968
0.541748 506 0.697759
0.541748 505 0.698037
0.541748 504 0.702352
0.541748 503 0.703059
0.541748 502 0.703602
0.541748 501 0.705173
0.541748 500 0.706261
0.541748 499 0.70749
0.541748 498 0.707682
0.541748 497 0.707752
0.541748 496 0.708058
0.541748 495 0.710045
0.541748 494 0.711885
0.541748 493 0.712381
0.541748 492 0.712913
0.539806 492 0.716463
0.539806 491 0.716473
0.539806 490 0.716488
0.539806 489 0.71884
0.539806 488 0.719324
0.539806 487 0.719809
0.539806 486 0.724245
0.539806 485 0.724882
0.539806 484 0.726186
0.539806 483 0.726315
0.539806 482 0.727719
0.539806 481 0.730386
0.539806 480 0.73047
0.539806 479 0.731577
0.539806 478 0.733065
0.539806 477 0.733805
0.539806 476 0.733872
0.539806 475 0.734807
0.539806 474 0.736425
0.539806 473 0.736574
0.539806 472 0.737289
0.539806 471 0.738863
0.539806 470 0.739556
0.539806 469 0.740348
0.539806 468 0.741001
0.539806 467 0.741297
0.539806 466 0.742151
0.539806 465 0.744141
0.539806 464 0.745649
0.539806 463 0.749918
0.539806 462 0.752392
0.539806 461 0.752865
0.539806 460 0.752908
0.539806 459 0.754946
0.539806 458 0.75553
0.539806 457 0.756019
0.539806 456 0.756752
0.539806 455 0.757668
0.539806 454 0.758474
0.539806 453 0.759066
0.539806 452 0.760162
0.539806 451 0.760406
0.539806 450 0.762403
0.539806 449 0.763576
0.539806 448 0.764332
0.539806 447 0.764618
0.539806 446 0.765333
0.539806 445 0.766149
0.539806 444 0.766325
0.539806 443 0.766628
0.539806 442 0.766907
0.539806 441 0.766966
0.539806 440 0.769871
0.539806 439 0.770489
0.539806 438 0.771564
0.539806 437 0.771688
0.539806 436 0.772036
0.539806 435 0.774072
0.539806 434 0.77437
0.539806 433 0.774425
0.539806 432 0.775013
0.539806 431 0.775212
0.539806 430 0.77624
0.539806 429 0.777483
0.539806 428 0.779443
0.539806 427 0.78009
0.539806 426 0.780631
0.539806 425 0.781334
0.539806 424 0.781662
0.539806 423 0.7817
0.537864 423 0.782054
0.537864 422 0.783167
0.537864 421 0.784067
0.537864 420 0.786007
0.537864 419 0.786555
0.537864 418 0.786958
0.537864 417 0.787195
0.537864 416 0.788265
0.537864 415 0.788887
0.537864 414 0.794238
0.537864 413 0.796621
0.537864 412 0.798168
0.537864 411 0.799943
0.537864 410 0.800076
0.537864 409 0.80212
0.537864 408 0.802123
0.537864 407 0.802908
0.537864 406 0.805232
0.537864 405 0.806791
0.537864 404 0.809693
0.537864 403 0.809821
0.537864 402 0.810496
0.537864 401 0.810691
0.537864 400 0.811503
0.537864 399 0.811921
0.537864 398 0.812679
0.537864 397 0.814372
0.537864 396 0.814498
0.537864 395 0.81636
0.537864 394 0.816742
0.537864 393 0.820271
0.537864 392 0.820587
0.537864 391 0.82061
0.537864 390 0.820695
0.537864 389 0.820728
0.537864 388 0.823305
0.537864 387 0.824669
0.537864 386 0.825329
0.537864 385 0.826798
0.537864 384 0.827909
0.537864 383 0.829665
0.537864 382 0.832066
0.537864 381 0.8334
0.537864 380 0.834541
0.537864 379 0.835891
0.537864 378 0.839567
0.537864 377 0.839782
0.537864 376 0.840393
0.537864 375 0.842684
0.537864 374 0.846814
0.537864 373 0.847109
0.537864 372 0.847488
0.537864 371 0.848749
0.537864 370 0.849126
0.537864 369 0.84968
0.537864 368 0.850048
0.537864 367 0.850133
0.537864 366 0.850688
0.537864 365 0.85091
0.537864 364 0.851777
0.537864 363 0.853481
0.537864 362 0.854984
0.535922 362 0.856261
0.535922 361 0.857221
0.535922 360 0.859881
0.535922 359 0.8602
0.535922 358 0.861218
0.535922 357 0.862694
0.535922 356 0.862804
0.535922 355 0.863407
0.535922 354 0.863948
0.535922 353 0.87132
0.535922 352 0.871975
0.535922 351 0.872514
0.535922 350 0.873712
0.535922 349 0.876154
0.535922 348 0.877355
0.535922 347 0.877645
0.535922 346 0.879255
0.535922 345 0.879826
0.535922 344 0.880084
0.535922 343 0.880573
0.535922 342 0.880701
0.535922 341 0.883843
0.535922 340 0.884359
0.535922 339 0.886279
0.533981 339 0.887475
0.533981 338 0.887669
0.533981 337 0.887735
0.533981 336 0.887862
0.533981 335 0.888072
0.533981 334 0.889477
0.533981 333 0.890252
0.533981 332 0.89053
0.532039 332 0.891651
0.532039 331 0.893672
0.532039 330 0.895529
0.532039 329 0.897509
0.532039 328 0.898383
0.532039 327 0.898578
0.532039 326 0.899532
0.532039 325 0.899924
0.532039 324 0.900838
0.532039 323 0.901221
0.532039 322 0.902597
0.532039 321 0.90267
0.532039 320 0.904288
0.532039 319 0.904439
0.532039 318 0.906012
0.532039 317 0.906632
0.532039 316 0.907314
0.532039 315 0.907528
0.532039 314 0.908462
0.532039 313 0.910239
0.530097 313 0.911661
0.530097 312 0.912046
0.528155 312 0.912837
0.528155 311 0.913339
0.528155 310 0.91346
0.528155 309 0.914424
0.528155 308 0.915584
0.528155 307 0.915645
0.526214 307 0.916068
0.526214 306 0.916069
0.526214 305 0.916586
0.526214 304 0.916637
0.526214 303 0.918695
0.526214 302 0.918898
0.526214 301 0.91906
0.526214 300 0.919267
0.526214 299 0.920225
0.524272 299 0.920922
0.524272 298 0.921587
0.524272 297 0.922938
0.52233 297 0.923004
0.52233 296 0.92319
0.52233 295 0.924401
0.52233 294 0.925833
0.52233 293 0.925898
0.52233 292 0.926375
0.52233 291 0.927997
0.52233 290 0.92811
0.520388 290 0.928726
0.520388 289 0.929644
0.520388 288 0.930793
0.520388 287 0.931498
0.520388 286 0.931638
0.520388 285 0.932353
0.520388 284 0.93269
0.520388 283 0.932841
0.520388 282 0.934357
0.520388 281 0.936253
0.52233 279 0.93663
0.52233 278 0.937135
0.52233 277 0.937242
0.520388 277 0.937467
0.520388 276 0.937644
0.520388 275 0.937896
0.520388 274 0.937922
0.520388 273 0.9382
0.520388 272 0.93881
0.520388 271 0.93924
0.520388 270 0.939894
0.520388 269 0.939962
0.520388 268 0.940601
0.520388 267 0.941565
0.520388 266 0.94193
0.520388 265 0.944266
0.520388 264 0.94537
0.520388 263 0.945389
0.520388 262 0.94602
0.520388 261 0.946293
0.520388 260 0.947412
0.520388 259 0.947954
0.520388 258 0.948876
0.520388 257 0.950084
0.520388 256 0.952526
0.520388 255 0.952616
0.520388 254 0.952973
0.520388 253 0.953132
0.520388 252 0.953139
0.520388 251 0.953278
0.520388 250 0.954311
0.520388 249 0.954352
0.520388 248 0.955273
0.520388 247 0.955433
0.520388 246 0.955602
0.520388 245 0.95585
0.520388 244 0.955966
0.520388 243 0.956571
0.520388 242 0.957144
0.520388 241 0.957204
0.520388 240 0.957477
0.520388 239 0.957519
0.518447 239 0.957708
0.516505 239 0.95804
0.516505 238 0.95899
0.516505 237 0.960365
0.516505 236 0.960654
0.516505 235 0.9609
0.516505 234 0.960933
0.516505 233 0.961216
0.516505 232 0.961491
0.516505 231 0.961507
0.516505 230 0.961783
0.514563 230 0.962283
0.514563 229 0.962725
0.514563 228 0.962783
0.514563 227 0.963686
0.514563 226 0.964024
0.514563 225 0.96406
0.514563 224 0.964752
0.514563 223 0.965156
0.514563 222 0.96518
0.514563 221 0.965404
0.514563 220 0.965826
0.514563 219 0.966115
0.514563 218 0.966489
0.514563 217 0.966502
0.514563 216 0.967209
0.512621 216 0.967535
0.512621 215 0.967695
0.512621 214 0.968226
0.51068 214 0.96829
0.51068 213 0.968572
0.51068 212 0.969221
0.51068 211 0.969648
0.51068 210 0.969704
0.51068 209 0.970065
0.51068 208 0.970328
0.51068 207 0.970666
0.51068 206 0.97072
0.51068 205 0.970982
0.508738 205 0.971269
0.508738 204 0.971974
0.508738 203 0.97351
0.508738 202 0.973742
0.508738 201 0.974148
0.506796 201 0.974214
0.506796 200 0.974869
0.506796 199 0.975026
0.506796 198 0.975758
0.506796 197 0.976777
0.506796 196 0.977186
0.506796 195 0.977879
0.504854 195 0.978288
0.504854 194 0.97848
0.504854 193 0.9788
0.504854 192 0.979682
0.504854 191 0.980065
0.504854 190 0.980297
0.504854 189 0.980704
0.504854 188 0.980784
0.504854 187 0.981234
0.502913 187 0.981433
0.502913 186 0.981917
0.502913 185 0.982525
0.502913 184 0.982615
0.502913 183 0.982619
0.502913 182 0.982967
0.500971 182 0.983501
0.500971 181 0.983904
0.500971 180 0.984087
0.500971 179 0.985319
0.499029 179 0.985331
0.499029 178 0.985576
0.499029 177 0.985648
0.499029 176 0.985682
0.499029 175 0.986229
0.499029 174 0.986347
0.499029 173 0.986451
0.499029 172 0.986527
0.499029 171 0.986583
0.497087 171 0.986674
0.497087 170 0.986725
0.497087 169 0.987614
0.495146 169 0.987618
0.493204 169 0.987834
0.491262 169 0.987946
0.491262 168 0.988024
0.491262 167 0.988103
0.491262 166 0.988113
0.491262 165 0.988233
0.491262 164 0.988272
0.491262 163 0.988393
0.491262 162 0.988418
0.48932 162 0.988878
0.48932 161 0.989034
0.48932 160 0.989124
0.48932 159 0.989362
0.487379 159 0.989554
0.487379 158 0.98956
0.487379 157 0.989914
0.487379 156 0.990122
0.487379 155 0.990171
0.487379 154 0.990247
0.487379 153 0.990297
0.487379 152 0.990647
0.487379 151 0.990827
0.487379 150 0.991037
0.485437 150 0.991143
0.483495 150 0.99168
0.483495 149 0.991976
0.483495 148 0.992099
0.483495 147 0.992115
0.481553 147 0.992187
0.481553 146 0.992217
0.481553 145 0.992725
0.481553 144 0.992752
0.481553 143 0.993066
0.481553 142 0.993112
0.481553 141 0.993118
0.481553 140 0.993587
0.481553 139 0.993634
0.479612 139 0.993739
0.479612 138 0.993805
0.479612 137 0.993844
0.479612 136 0.9944
0.47767 136 0.994466
0.475728 136 0.994481
0.473786 136 0.994484
0.473786 135 0.994662
0.473786 134 0.994819
0.471845 134 0.995455
0.471845 133 0.99551
0.471845 132 0.995617
0.469903 132 0.995761
0.469903 131 0.995835
0.467961 131 0.995977
0.467961 130 0.99602
0.466019 130 0.996179
0.464078 130 0.996359
0.464078 129 0.996388
0.462136 129 0.996397
0.462136 128 0.996627
0.460194 128 0.996814
0.460194 127 0.996954
0.460194 126 0.99706
0.458252 126 0.997082
0.458252 125 0.997255
0.456311 125 0.997261
0.456311 124 0.997264
0.456311 123 0.997272
0.454369 123 0.997275
0.452427 123 0.997276
0.450485 123 0.997339
0.450485 122 0.99746
0.448544 122 0.997586
0.448544 121 0.997624
0.448544 120 0.997651
0.446602 120 0.997717
0.44466 120 0.99773
0.44466 119 0.99776
0.442718 119 0.997771
0.442718 118 0.997881
0.442718 117 0.998009
0.442718 116 0.998016
0.442718 115 0.998036
0.442718 114 0.998069
0.440777 114 0.998231
0.438835 114 0.998362
0.438835 113 0.998443
0.438835 112 0.998444
0.438835 111 0.998461
0.438835 110 0.998483
0.438835 109 0.998522
0.438835 108 0.998551
0.436893 108 0.998591
0.434951 108 0.998598
0.434951 107 0.998639
0.434951 106 0.998657
0.43301 106 0.998701
0.431068 106 0.998764
0.429126 106 0.998765
0.429126 105 0.998787
0.427184 105 0.998791
0.425243 105 0.998825
0.423301 105 0.998841
0.423301 104 0.998858
0.421359 104 0.998866
0.419417 104 0.998871
0.419417 103 0.998872
0.419417 102 0.998874
0.419417 101 0.99892
0.417476 101 0.998931
0.417476 100 0.998978
0.417476 99 0.99898
0.417476 98 0.998983
0.415534 98 0.999028
0.415534 97 0.999046
0.415534 96 0.999063
0.415534 94 0.999073
0.413592 94 0.999081
0.413592 93 0.999095
0.413592 92 0.999098
0.413592 91 0.999146
0.413592 90 0.99922
0.41165 90 0.999224
0.409709 90 0.999263
0.409709 89 0.999271
0.407767 89 0.999273
0.405825 89 0.999302
0.405825 88 0.999303
0.405825 87 0.999304
0.405825 86 0.999305
0.405825 85 0.999321
0.403883 85 0.999404
0.403883 84 0.999411
0.403883 83 0.999417
0.403883 82 0.999426
0.401942 82 0.999443
0.4 82 0.999466
0.396117 82 0.999467
0.396117 81 0.999473
0.394175 81 0.99949
0.394175 80 0.999505
0.392233 80 0.999507
0.392233 79 0.999512
0.392233 78 0.999516
0.390291 77 0.999525
0.38835 77 0.999528
0.38835 76 0.999558
0.386408 76 0.999559
0.386408 75 0.999561
0.384466 75 0.999562
0.382524 75 0.999606
0.380583 75 0.999633
0.380583 74 0.99964
0.380583 73 0.999644
0.378641 73 0.999647
0.378641 72 0.999654
0.378641 71 0.99966
0.376699 71 0.999671
0.374757 71 0.999678
0.374757 70 0.999687
0.372816 70 0.999701
0.372816 68 0.999715
0.370874 68 0.99973
0.370874 67 0.999732
0.368932 67 0.999765
0.36699 66 0.999772
0.365049 65 0.999784
0.365049 64 0.999785
0.363107 64 0.999787
0.363107 63 0.999792
0.361165 63 0.999793
0.361165 62 0.999794
0.359223 62 0.999795
0.359223 61 0.999806
0.357282 61 0.999807
0.35534 60 0.999817
0.35534 59 0.999819
0.353398 59 0.999822
0.351456 59 0.999833
0.351456 58 0.999852
0.347573 58 0.999855
0.345631 58 0.999867
0.343689 58 0.999869
0.343689 57 0.999875
0.341748 57 0.999877
0.341748 56 0.999879
0.341748 55 0.999888
0.341748 54 0.999892
0.339806 54 0.999895
0.337864 54 0.999899
0.337864 53 0.999904
0.335922 53 0.999905
0.332039 53 0.999906
0.330097 53 0.999908
0.328155 53 0.99991
0.326214 53 0.999914
0.324272 53 0.999917
0.32233 53 0.99992
0.32233 52 0.999926
0.320388 52 0.999927
0.320388 51 0.999929
0.318447 51 0.99993
0.316505 49 0.999931
0.312621 48 0.999936
0.312621 47 0.999937
0.312621 46 0.999938
0.31068 46 0.999939
0.308738 46 0.999943
0.308738 45 0.999944
0.306796 45 0.999945
0.304854 45 0.999946
0.302913 45 0.999947
0.302913 44 0.999948
0.300971 44 0.999949
0.299029 44 0.99995
0.299029 43 0.999952
0.293204 43 0.999955
0.28932 42 0.999957
0.287379 42 0.999958
0.285437 41 0.99996
0.283495 41 0.999962
0.283495 39 0.999964
0.281553 39 0.999965
0.279612 39 0.999966
0.27767 39 0.999967
0.275728 38 0.999968
0.273786 37 0.999969
0.271845 37 0.999972
0.271845 36 0.999973
0.269903 36 0.999974
0.269903 35 0.999976
0.269903 34 0.999977
0.269903 33 0.999978
0.266019 32 0.999979
0.266019 31 0.999981
0.264078 30 0.999982
0.264078 29 0.999984
0.260194 29 0.999985
0.256311 29 0.999986
0.252427 29 0.999987
0.248544 29 0.999988
0.246602 29 0.999989
0.240777 29 0.99999
0.240777 28 0.999991
0.238835 27 0.999992
0.234951 27 0.999993
0.229126 24 0.999994
0.223301 23 0.999995
0.219417 21 0.999996
0.21165 20 0.999997
0.205825 19 0.999998
0.180583 16 0.999999
0.147573 13 1
