0.69112 1070 0.300164
0.69112 1069 0.300375
0.69112 1068 0.300561
0.69112 1067 0.300567
0.69112 1066 0.300592
0.69112 1065 0.30062
0.69112 1064 0.301052
0.69112 1063 0.301489
0.69112 1062 0.301933
0.69112 1061 0.3023
0.69112 1060 0.302605
0.69112 1059 0.302704
0.69112 1058 0.302804
0.69112 1057 0.302828
0.69112 1056 0.30317
0.69112 1055 0.303184
0.69112 1054 0.303193
0.69112 1053 0.30327
0.69112 1052 0.303452
0.69112 1051 0.303469
0.69112 1050 0.303993
0.69112 1049 0.30401
0.69112 1048 0.304094
0.69112 1047 0.304276
0.69112 1046 0.304594
0.689189 1046 0.304635
0.689189 1045 0.304786
0.689189 1044 0.30517
0.689189 1043 0.305708
0.689189 1042 0.305856
0.689189 1041 0.306093
0.689189 1040 0.306756
0.689189 1039 0.306845
0.689189 1038 0.306888
0.689189 1037 0.3069
0.689189 1036 0.307022
0.689189 1035 0.307138
0.689189 1034 0.307146
0.687259 1034 0.307205
0.687259 1033 0.307533
0.687259 1032 0.307642
0.687259 1031 0.307935
0.687259 1030 0.30841
0.687259 1029 0.308421
0.687259 1028 0.308498
0.687259 1027 0.30857
0.687259 1026 0.308829
0.687259 1025 0.308913
0.687259 1024 0.309
0.687259 1023 0.309403
0.687259 1022 0.309528
0.687259 1021 0.309682
0.687259 1020 0.309687
0.687259 1019 0.309763
0.687259 1018 0.310264
0.687259 1017 0.310274
0.687259 1016 0.310516
0.687259 1015 0.310713
0.687259 1014 0.31082
0.687259 1013 0.311091
0.687259 1012 0.311271
0.687259 1011 0.311568
0.687259 1010 0.311714
0.687259 1009 0.311876
0.687259 1008 0.312123
0.687259 1007 0.312538
0.687259 1006 0.313413
0.687259 1005 0.313522
0.687259 1004 0.313897
0.687259 1003 0.314151
0.687259 1002 0.314452
0.687259 1001 0.314545
0.687259 1000 0.315107
0.687259 999 0.315176
0.687259 998 0.315192
0.687259 997 0.315241
0.687259 996 0.315392
0.687259 995 0.315649
0.687259 994 0.315863
0.687259 993 0.315919
0.687259 992 0.316427
0.687259 991 0.317135
0.687259 990 0.317355
0.687259 989 0.317614
0.687259 988 0.318237
0.685328 988 0.318359
0.685328 987 0.318678
0.685328 986 0.318908
0.685328 985 0.318996
0.685328 984 0.319284
0.685328 983 0.31947
0.685328 982 0.319699
0.685328 981 0.319741
0.685328 980 0.319855
0.685328 979 0.319876
0.685328 978 0.319989
0.685328 977 0.320004
0.685328 976 0.320853
0.685328 975 0.320915
0.685328 974 0.321052
0.685328 973 0.321383
0.685328 972 0.321727
0.685328 971 0.322057
0.685328 970 0.322234
0.685328 969 0.322863
0.685328 968 0.322933
0.685328 967 0.323172
0.685328 966 0.323207
0.685328 965 0.323604
0.685328 964 0.323607
0.685328 963 0.323804
0.685328 962 0.323926
0.685328 961 0.324454
0.685328 960 0.324656
0.685328 959 0.325379
0.685328 958 0.325438
0.685328 957 0.325519
0.685328 956 0.325896
0.685328 955 0.326242
0.685328 954 0.32664
0.685328 953 0.327
0.685328 952 0.327018
0.685328 951 0.327117
0.685328 950 0.327301
0.685328 949 0.327752
0.685328 948 0.327757
0.683398 948 0.328191
0.683398 947 0.328574
0.683398 946 0.329845
0.683398 945 0.329871
0.683398 944 0.330062
0.683398 943 0.330069
0.683398 942 0.330077
0.683398 941 0.330269
0.683398 940 0.330294
0.681467 940 0.330436
0.681467 939 0.33085
0.681467 938 0.330915
0.681467 937 0.330935
0.681467 936 0.331035
0.681467 935 0.331222
0.681467 934 0.332343
0.681467 933 0.33262
0.681467 932 0.333612
0.681467 931 0.333869
0.681467 930 0.333939
0.681467 929 0.33419
0.681467 928 0.334744
0.681467 927 0.334827
0.681467 926 0.335216
0.681467 925 0.335234
0.681467 924 0.335334
0.681467 923 0.335443
0.681467 922 0.335941
0.681467 921 0.336328
0.681467 920 0.336594
0.681467 919 0.33711
0.681467 918 0.33733
0.681467 917 0.338651
0.681467 916 0.338673
0.681467 915 0.338942
0.681467 914 0.339374
0.681467 913 0.339401
0.681467 912 0.339552
0.681467 911 0.339594
0.681467 910 0.340161
0.681467 909 0.340527
0.681467 908 0.340563
0.681467 907 0.340993
0.681467 906 0.341298
0.681467 905 0.341546
0.681467 904 0.341595
0.681467 903 0.341611
0.681467 902 0.341613
0.681467 901 0.342374
0.681467 900 0.342573
0.681467 899 0.342641
0.681467 898 0.342684
0.681467 897 0.343087
0.681467 896 0.343121
0.681467 895 0.343247
0.681467 894 0.343585
0.681467 893 0.344022
0.681467 892 0.34428
0.681467 891 0.344567
0.681467 890 0.344618
0.681467 889 0.344692
0.681467 888 0.344769
0.681467 887 0.344928
0.681467 886 0.346
0.681467 885 0.346456
0.681467 884 0.346866
0.681467 883 0.346925
0.681467 882 0.347
0.681467 881 0.347209
0.681467 880 0.347226
0.681467 879 0.347375
0.681467 878 0.348572
0.681467 877 0.348807
0.681467 876 0.34907
0.681467 875 0.349536
0.681467 874 0.349546
0.681467 873 0.349794
0.681467 872 0.349921
0.681467 871 0.349969
0.681467 870 0.349975
0.681467 869 0.349984
0.681467 868 0.350377
0.681467 867 0.350491
0.681467 866 0.350567
0.681467 865 0.350628
0.681467 864 0.350701
0.681467 863 0.35073
0.681467 862 0.351248
0.681467 861 0.351465
0.681467 860 0.351509
0.681467 859 0.351815
0.681467 858 0.352046
0.681467 857 0.35266
0.681467 856 0.352666
0.681467 855 0.352865
0.681467 854 0.353672
0.681467 853 0.353685
0.681467 852 0.354174
0.681467 851 0.35446
0.681467 850 0.354516
0.681467 849 0.354792
0.681467 848 0.354922
0.681467 847 0.355171
0.681467 846 0.355517
0.681467 845 0.355545
0.681467 844 0.355788
0.681467 843 0.355945
0.681467 842 0.35601
0.681467 841 0.35632
0.681467 840 0.356788
0.681467 839 0.357049
0.681467 838 0.357194
0.681467 837 0.357385
0.681467 836 0.357419
0.681467 835 0.357444
0.681467 834 0.358626
0.681467 833 0.359437
0.681467 832 0.359623
0.681467 831 0.359681
0.681467 830 0.359773
0.681467 829 0.359793
0.681467 828 0.360191
0.681467 827 0.360358
0.681467 826 0.360838
0.681467 825 0.360963
0.681467 824 0.36098
0.681467 823 0.361491
0.681467 822 0.36205
0.681467 821 0.36248
0.681467 820 0.363522
0.681467 819 0.363632
0.681467 818 0.364312
0.681467 817 0.364504
0.681467 816 0.364798
0.681467 815 0.365299
0.681467 814 0.365348
0.681467 813 0.365629
0.681467 812 0.366073
0.681467 811 0.366282
0.681467 810 0.366524
0.681467 809 0.367041
0.681467 808 0.367171
0.681467 807 0.367178
0.681467 806 0.367417
0.681467 805 0.36748
0.681467 804 0.36763
0.681467 803 0.367713
0.681467 802 0.368248
0.681467 801 0.368511
0.681467 800 0.36881
0.681467 799 0.369351
0.681467 798 0.369393
0.681467 797 0.370412
0.681467 796 0.370715
0.681467 795 0.370752
0.681467 794 0.371279
0.681467 793 0.372287
0.681467 792 0.373054
0.681467 791 0.373104
0.681467 790 0.373467
0.681467 789 0.373895
0.681467 788 0.374604
0.681467 787 0.374751
0.681467 786 0.374842
0.681467 785 0.374981
0.681467 784 0.375443
0.681467 783 0.376208
0.681467 782 0.37639
0.681467 781 0.377869
0.681467 780 0.378304
0.681467 779 0.378373
0.681467 778 0.378551
0.681467 777 0.379499
0.681467 776 0.379578
0.681467 775 0.379695
0.681467 774 0.379857
0.681467 773 0.380224
0.681467 772 0.380262
0.681467 771 0.380388
0.681467 770 0.380822
0.681467 769 0.380966
0.681467 768 0.380982
0.681467 767 0.381198
0.681467 766 0.381859
0.681467 765 0.382011
0.681467 764 0.382034
0.681467 763 0.382296
0.681467 762 0.382384
0.681467 761 0.382985
0.681467 760 0.383588
0.681467 759 0.384362
0.681467 758 0.384957
0.681467 757 0.384996
0.681467 756 0.385235
0.681467 755 0.385524
0.681467 754 0.385914
0.681467 753 0.386057
0.681467 752 0.386428
0.681467 751 0.386944
0.681467 750 0.387195
0.681467 749 0.387489
0.681467 747 0.387751
0.681467 746 0.387826
0.681467 745 0.388201
0.681467 744 0.388777
0.681467 743 0.389315
0.681467 742 0.389656
0.681467 741 0.389854
0.681467 740 0.390783
0.681467 739 0.390897
0.681467 738 0.390898
0.681467 737 0.391242
0.681467 736 0.392352
0.681467 735 0.392504
0.679537 735 0.392619
0.679537 734 0.394771
0.679537 733 0.394786
0.679537 732 0.395064
0.679537 731 0.395068
0.679537 730 0.395779
0.679537 729 0.395827
0.679537 728 0.396254
0.679537 727 0.396533
0.679537 726 0.3967
0.679537 725 0.396711
0.679537 724 0.396737
0.679537 723 0.397036
0.679537 722 0.397193
0.679537 721 0.397516
0.679537 720 0.398078
0.679537 719 0.398232
0.679537 718 0.398534
0.679537 717 0.399538
0.679537 716 0.399716
0.679537 715 0.4
0.679537 714 0.400147
0.679537 713 0.400173
0.679537 712 0.4004
0.679537 711 0.400556
0.679537 710 0.400899
0.679537 709 0.401049
0.679537 708 0.401717
0.679537 707 0.401862
0.679537 706 0.402657
0.679537 705 0.402846
0.679537 704 0.403059
0.679537 703 0.403338
0.679537 702 0.40364
0.679537 701 0.403869
0.679537 700 0.404057
0.679537 699 0.404361
0.679537 698 0.406116
0.679537 697 0.407054
0.679537 696 0.407147
0.677606 696 0.408608
0.677606 695 0.408859
0.677606 694 0.408886
0.675676 694 0.409213
0.675676 693 0.409599
0.675676 692 0.409727
0.675676 691 0.410013
0.675676 690 0.410484
0.675676 689 0.410485
0.675676 688 0.410603
0.675676 687 0.410682
0.675676 686 0.410832
0.675676 685 0.411336
0.675676 684 0.411353
0.675676 683 0.411819
0.675676 682 0.411861
0.675676 681 0.412111
0.675676 680 0.412852
0.675676 679 0.413131
0.675676 678 0.413555
0.675676 677 0.413692
0.675676 676 0.414216
0.675676 675 0.414846
0.675676 674 0.415017
0.675676 673 0.415437
0.675676 672 0.415535
0.675676 671 0.416155
0.675676 670 0.418052
0.675676 669 0.418838
0.675676 668 0.418869
0.675676 667 0.419324
0.675676 666 0.419579
0.675676 665 0.421046
0.675676 664 0.421136
0.675676 663 0.422236
0.675676 662 0.42265
0.675676 661 0.422873
0.675676 660 0.423326
0.675676 659 0.423632
0.675676 658 0.424962
0.675676 657 0.426381
0.675676 656 0.426485
0.675676 655 0.426543
0.675676 654 0.426818
0.675676 653 0.427228
0.675676 652 0.42759
0.675676 651 0.427864
0.675676 650 0.428146
0.675676 649 0.428617
0.675676 648 0.430377
0.675676 647 0.431765
0.675676 646 0.431823
0.675676 645 0.431854
0.675676 644 0.431958
0.675676 643 0.432398
0.675676 642 0.432519
0.675676 641 0.433125
0.675676 640 0.43328
0.675676 639 0.433702
0.675676 638 0.435935
0.675676 637 0.436183
0.675676 636 0.437533
0.675676 635 0.438414
0.675676 634 0.439342
0.675676 633 0.439447
0.675676 632 0.439541
0.675676 631 0.439543
0.675676 630 0.439627
0.675676 629 0.439825
0.675676 628 0.440009
0.675676 627 0.440535
0.675676 626 0.440554
0.675676 625 0.441155
0.675676 624 0.441329
0.675676 623 0.442114
0.675676 622 0.44319
0.675676 621 0.44353
0.675676 620 0.444206
0.675676 619 0.444283
0.675676 618 0.444622
0.675676 617 0.446108
0.675676 616 0.446111
0.675676 615 0.446314
0.675676 614 0.446591
0.675676 613 0.446924
0.675676 612 0.447726
0.673745 612 0.448094
0.673745 611 0.448154
0.673745 610 0.448318
0.671815 610 0.448497
0.671815 609 0.448498
0.671815 608 0.448621
0.671815 607 0.448989
0.669884 607 0.44905
0.669884 606 0.449579
0.669884 605 0.449719
0.669884 604 0.449791
0.669884 603 0.449997
0.669884 602 0.451295
0.669884 601 0.451764
0.669884 600 0.452887
0.669884 599 0.453157
0.669884 598 0.453482
0.669884 597 0.453513
0.667954 597 0.453746
0.667954 596 0.453892
0.667954 595 0.454175
0.667954 594 0.454214
0.667954 593 0.454294
0.667954 592 0.45479
0.667954 591 0.454808
0.667954 590 0.455235
0.666023 590 0.455359
0.666023 589 0.455731
0.666023 588 0.456133
0.666023 587 0.456301
0.666023 586 0.45759
0.666023 585 0.458175
0.666023 584 0.458358
0.666023 583 0.458693
0.666023 582 0.458717
0.666023 581 0.458829
0.666023 580 0.459122
0.666023 579 0.459424
0.666023 578 0.459759
0.666023 577 0.460576
0.666023 576 0.460975
0.666023 575 0.461084
0.666023 574 0.461851
0.666023 573 0.46385
0.666023 572 0.464871
0.666023 571 0.465714
0.666023 570 0.467123
0.666023 569 0.467768
0.666023 568 0.467956
0.666023 567 0.468161
0.666023 566 0.468218
0.666023 565 0.468912
0.666023 564 0.470305
0.666023 563 0.47033
0.666023 562 0.47059
0.666023 561 0.470612
0.666023 560 0.470613
0.666023 559 0.470895
0.666023 558 0.471909
0.666023 557 0.47238
0.666023 556 0.47245
0.666023 555 0.472467
0.666023 554 0.472589
0.666023 553 0.473163
0.666023 552 0.474086
0.666023 551 0.474209
0.664093 551 0.474265
0.664093 550 0.474268
0.664093 549 0.474579
0.664093 548 0.47462
0.664093 547 0.474674
0.664093 546 0.476405
0.664093 545 0.476693
0.664093 544 0.476747
0.664093 543 0.476978
0.664093 542 0.477001
0.664093 541 0.477254
0.664093 540 0.478351
0.664093 539 0.47846
0.664093 538 0.479135
0.664093 537 0.479322
0.664093 536 0.480897
0.664093 535 0.481332
0.664093 534 0.481488
0.664093 533 0.483111
0.664093 532 0.483346
0.664093 531 0.483612
0.664093 530 0.483645
0.664093 529 0.4839
0.664093 528 0.48414
0.664093 527 0.484433
0.662162 527 0.48492
0.662162 526 0.486092
0.662162 525 0.487433
0.662162 524 0.489062
0.662162 523 0.489481
0.662162 522 0.489529
0.662162 521 0.48964
0.662162 520 0.489936
0.662162 519 0.490191
0.662162 518 0.490554
0.662162 517 0.490723
0.662162 516 0.490904
0.662162 515 0.491006
0.662162 514 0.491133
0.662162 513 0.491421
0.662162 512 0.49339
0.662162 511 0.493708
0.662162 510 0.494592
0.662162 509 0.498349
0.662162 508 0.498968
0.662162 507 0.499922
0.662162 506 0.500632
0.660232 506 0.500693
0.660232 505 0.501109
0.660232 504 0.501439
0.660232 503 0.501448
0.660232 502 0.502019
0.658301 502 0.502111
0.658301 501 0.503637
0.658301 500 0.503917
0.658301 499 0.503956
0.658301 498 0.505059
0.658301 497 0.505271
0.658301 496 0.505804
0.658301 495 0.506415
0.658301 494 0.507981
0.658301 493 0.508503
0.658301 492 0.508523
0.658301 491 0.509124
0.658301 490 0.510879
0.658301 489 0.512068
0.658301 488 0.51222
0.658301 487 0.514511
0.658301 486 0.515436
0.658301 485 0.515594
0.658301 484 0.515768
0.658301 483 0.515854
0.658301 482 0.516249
0.658301 481 0.516525
0.658301 480 0.517455
0.656371 480 0.518288
0.656371 479 0.51851
0.656371 478 0.518692
0.656371 477 0.519535
0.656371 476 0.519931
0.656371 475 0.52187
0.656371 474 0.521977
0.656371 473 0.522127
0.656371 472 0.522183
0.656371 471 0.522401
0.656371 470 0.522512
0.65444 470 0.522992
0.65444 469 0.523202
0.65444 468 0.524117
0.65444 467 0.524208
0.65444 466 0.525608
0.65444 465 0.526131
0.65444 464 0.526824
0.65444 463 0.529399
0.65444 462 0.529721
0.65444 461 0.530964
0.65444 460 0.530981
0.65444 459 0.531522
0.65251 459 0.531911
0.65251 458 0.533094
0.65251 457 0.53312
0.65251 456 0.533708
0.65251 455 0.533754
0.650579 455 0.53447
0.650579 454 0.534548
0.650579 453 0.534719
0.648649 453 0.535386
0.648649 452 0.535546
0.648649 451 0.536443
0.648649 450 0.537214
0.648649 449 0.539832
0.648649 448 0.540965
0.648649 447 0.541835
0.648649 446 0.541897
0.648649 445 0.541903
0.648649 444 0.542195
0.648649 443 0.542449
0.648649 442 0.542704
0.648649 441 0.542986
0.648649 440 0.543159
0.648649 439 0.543254
0.648649 438 0.543426
0.648649 437 0.543467
0.648649 436 0.543539
0.648649 435 0.545406
0.648649 434 0.545908
0.648649 433 0.546143
0.648649 432 0.546147
0.648649 431 0.546261
0.648649 430 0.546586
0.648649 429 0.546679
0.648649 428 0.547889
0.648649 427 0.548913
0.648649 426 0.549089
0.648649 425 0.549713
0.648649 424 0.549784
0.648649 423 0.550761
0.648649 422 0.552011
0.648649 421 0.552561
0.648649 420 0.552814
0.648649 419 0.553724
0.646718 419 0.554832
0.646718 418 0.555564
0.646718 417 0.556023
0.646718 416 0.556057
0.646718 415 0.556415
0.646718 414 0.556472
0.646718 413 0.55703
0.646718 412 0.558383
0.646718 411 0.558636
0.644788 411 0.558975
0.644788 410 0.559071
0.644788 409 0.559425
0.644788 408 0.560675
0.644788 407 0.561187
0.644788 406 0.561481
0.644788 405 0.562161
0.644788 404 0.563169
0.644788 403 0.563538
0.644788 402 0.564283
0.644788 401 0.564635
0.644788 400 0.564883
0.644788 399 0.565679
0.644788 398 0.565977
0.644788 397 0.566656
0.644788 396 0.566831
0.644788 395 0.567568
0.644788 394 0.56786
0.644788 393 0.568403
0.644788 392 0.56858
0.644788 391 0.569298
0.644788 390 0.570476
0.644788 389 0.570626
0.644788 388 0.572318
0.644788 387 0.572443
0.644788 386 0.575226
0.644788 385 0.575986
0.644788 384 0.57601
0.644788 383 0.576037
0.644788 382 0.576116
0.644788 381 0.576466
0.644788 380 0.577035
0.644788 379 0.57792
0.644788 378 0.579337
0.644788 377 0.579877
0.644788 376 0.580184
0.644788 375 0.580192
0.644788 374 0.584656
0.644788 373 0.585647
0.644788 372 0.587026
0.644788 371 0.588206
0.644788 370 0.588404
0.644788 369 0.589513
0.644788 368 0.589569
0.644788 367 0.589865
0.644788 366 0.590033
0.644788 365 0.590157
0.644788 364 0.590361
0.644788 363 0.590945
0.642857 363 0.591001
0.642857 362 0.592628
0.640927 362 0.593607
0.640927 361 0.594334
0.640927 360 0.594951
0.640927 359 0.595342
0.640927 358 0.595633
0.638996 358 0.596041
0.638996 357 0.596269
0.638996 356 0.596362
0.638996 355 0.597532
0.638996 354 0.598271
0.638996 353 0.599061
0.638996 352 0.600804
0.638996 351 0.600926
0.638996 350 0.601019
0.638996 349 0.601475
0.638996 348 0.601509
0.638996 347 0.60184
0.638996 346 0.602231
0.638996 345 0.602583
0.638996 344 0.602716
0.638996 343 0.604186
0.638996 342 0.606417
0.638996 341 0.606534
0.638996 340 0.607538
0.638996 339 0.609705
0.638996 338 0.612448
0.638996 337 0.612785
0.638996 336 0.613293
0.638996 335 0.613608
0.638996 334 0.6148
0.638996 333 0.615791
0.638996 332 0.617682
0.638996 331 0.618274
0.638996 330 0.619152
0.638996 329 0.620193
0.638996 328 0.620499
0.638996 327 0.620599
0.638996 326 0.620793
0.637066 326 0.621058
0.637066 325 0.621465
0.637066 324 0.623126
0.637066 323 0.623162
0.637066 322 0.623773
0.637066 321 0.624101
0.637066 320 0.624551
0.637066 319 0.624867
0.637066 318 0.625006
0.637066 317 0.625735
0.637066 316 0.626212
0.637066 315 0.626773
0.637066 314 0.627143
0.637066 313 0.628397
0.637066 312 0.629572
0.635135 312 0.629598
0.635135 311 0.631568
0.635135 310 0.632154
0.635135 309 0.633338
0.635135 308 0.634039
0.635135 307 0.636546
0.635135 306 0.637412
0.635135 305 0.637509
0.633205 305 0.638873
0.633205 304 0.639032
0.633205 303 0.639634
0.633205 302 0.640364
0.631274 302 0.640656
0.631274 301 0.641666
0.631274 300 0.64172
0.631274 299 0.643678
0.631274 298 0.643899
0.631274 297 0.644814
0.631274 296 0.64517
0.631274 295 0.645392
0.631274 294 0.645543
0.631274 293 0.64612
0.631274 292 0.647242
0.631274 291 0.647349
0.629344 291 0.647535
0.629344 290 0.647819
0.629344 289 0.647971
0.629344 288 0.649164
0.629344 287 0.650855
0.629344 286 0.65098
0.629344 285 0.652286
0.629344 284 0.652944
0.629344 283 0.65333
0.629344 282 0.653437
0.629344 281 0.653508
0.629344 280 0.653608
0.629344 279 0.653766
0.629344 278 0.653803
0.629344 277 0.655071
0.629344 276 0.655846
0.629344 275 0.656066
0.627413 275 0.656269
0.625483 275 0.656752
0.625483 274 0.657188
0.623552 274 0.65751
0.623552 273 0.65772
0.621622 273 0.658685
0.619691 273 0.659401
0.619691 272 0.659796
0.619691 271 0.659827
0.617761 271 0.659842
0.617761 270 0.661714
0.617761 269 0.662058
0.617761 268 0.665503
0.617761 267 0.667182
0.617761 266 0.668306
0.617761 265 0.669152
0.617761 264 0.66928
0.617761 263 0.66971
0.61583 263 0.669864
0.61583 262 0.669944
0.61583 261 0.670917
0.61583 260 0.671575
0.61583 259 0.67288
0.61583 258 0.673468
0.61583 257 0.673841
0.61583 256 0.67388
0.61583 255 0.674253
0.61583 254 0.674808
0.6139 254 0.675196
0.6139 253 0.676656
0.6139 252 0.676773
0.611969 252 0.678082
0.611969 251 0.678498
0.611969 250 0.679489
0.611969 249 0.680589
0.611969 248 0.680889
0.611969 247 0.680974
0.611969 246 0.681002
0.611969 245 0.681507
0.611969 244 0.681598
0.611969 243 0.681625
0.611969 242 0.681728
0.611969 241 0.681864
0.611969 240 0.682083
0.611969 239 0.682612
0.611969 238 0.68374
0.611969 237 0.684416
0.611969 236 0.685723
0.610039 236 0.686274
0.610039 235 0.686464
0.610039 234 0.687154
0.610039 233 0.6874
0.610039 232 0.687618
0.610039 231 0.68847
0.610039 230 0.688902
0.610039 229 0.689019
0.610039 228 0.690949
0.610039 227 0.69102
0.610039 226 0.691253
0.610039 225 0.691284
0.608108 225 0.691734
0.608108 224 0.693551
0.606178 224 0.693592
0.606178 223 0.694897
0.604247 223 0.695325
0.604247 222 0.695915
0.604247 221 0.697353
0.604247 220 0.698333
0.604247 219 0.698449
0.602317 219 0.700343
0.602317 218 0.701866
0.602317 217 0.701902
0.602317 216 0.702285
0.600386 216 0.702297
0.600386 215 0.703382
0.600386 214 0.704925
0.600386 213 0.705058
0.600386 212 0.705626
0.600386 211 0.706799
0.600386 210 0.707297
0.600386 209 0.708633
0.600386 208 0.708684
0.600386 207 0.709454
0.598456 207 0.711496
0.596525 207 0.711727
0.596525 206 0.712417
0.594595 206 0.712467
0.594595 205 0.71368
0.594595 204 0.713777
0.594595 203 0.716574
0.592664 203 0.716877
0.592664 202 0.717631
0.592664 201 0.717884
0.592664 200 0.719117
0.590734 200 0.723274
0.590734 199 0.724107
0.590734 198 0.725225
0.590734 197 0.72542
0.590734 196 0.725681
0.588803 196 0.726597
0.588803 195 0.726838
0.588803 194 0.727804
0.588803 193 0.728823
0.588803 192 0.729503
0.588803 191 0.729515
0.588803 190 0.730549
0.588803 189 0.730743
0.588803 188 0.731405
0.588803 187 0.732251
0.588803 186 0.735523
0.586873 186 0.736055
0.586873 185 0.737017
0.586873 184 0.73807
0.586873 183 0.738622
0.584942 183 0.739222
0.584942 182 0.740101
0.584942 181 0.740767
0.584942 180 0.74217
0.584942 179 0.74236
0.583012 179 0.742737
0.581081 179 0.742991
0.581081 178 0.7459
0.581081 177 0.746461
0.581081 176 0.748596
0.581081 175 0.749705
0.581081 174 0.751049
0.579151 174 0.751731
0.57722 174 0.751792
0.57722 173 0.751989
0.57722 172 0.75203
0.57722 171 0.752408
0.57529 171 0.753822
0.57529 170 0.754373
0.57529 169 0.755734
0.573359 169 0.755769
0.573359 168 0.757957
0.571429 168 0.758525
0.571429 167 0.759257
0.571429 166 0.759535
0.571429 165 0.760413
0.571429 164 0.762586
0.571429 163 0.7632
0.571429 162 0.763591
0.569498 162 0.764017
0.569498 161 0.764125
0.567568 161 0.765214
0.565637 161 0.766015
0.565637 160 0.766315
0.563707 160 0.766739
0.563707 159 0.766967
0.563707 158 0.768211
0.563707 157 0.768644
0.563707 156 0.76884
0.561776 156 0.769339
0.561776 155 0.770191
0.561776 154 0.770505
0.561776 153 0.770528
0.561776 152 0.771667
0.561776 151 0.77222
0.559846 151 0.772747
0.559846 150 0.774137
0.557915 150 0.774224
0.555985 150 0.77423
0.554054 150 0.77504
0.554054 149 0.775778
0.554054 148 0.776378
0.554054 147 0.776831
0.554054 146 0.778213
0.554054 145 0.778253
0.554054 144 0.779145
0.554054 143 0.780171
0.554054 142 0.780989
0.552124 142 0.782452
0.550193 142 0.782763
0.548263 142 0.782766
0.548263 141 0.783877
0.548263 140 0.785612
0.548263 139 0.785677
0.546332 139 0.786258
0.546332 138 0.786412
0.546332 137 0.786904
0.544402 137 0.787674
0.544402 136 0.789239
0.544402 135 0.789246
0.544402 134 0.791181
0.542471 134 0.791459
0.542471 133 0.792622
0.542471 132 0.792747
0.540541 132 0.79409
0.540541 131 0.794292
0.540541 130 0.794496
0.540541 129 0.794962
0.540541 128 0.79503
0.540541 127 0.796261
0.540541 126 0.796593
0.540541 125 0.796742
0.540541 124 0.796972
0.53861 124 0.797627
0.53861 123 0.798019
0.53861 122 0.798328
0.53861 121 0.799041
0.53861 120 0.7996
0.53668 120 0.799794
0.53668 119 0.800009
0.534749 119 0.800194
0.534749 118 0.800317
0.532819 118 0.80041
0.530888 118 0.800414
0.528958 118 0.80104
0.527027 118 0.801371
0.525097 118 0.80148
0.523166 118 0.80267
0.523166 117 0.803568
0.521236 117 0.803928
0.521236 116 0.804838
0.519305 116 0.806368
0.517375 116 0.806639
0.517375 115 0.806659
0.517375 114 0.806758
0.517375 113 0.807264
0.517375 112 0.808793
0.515444 112 0.808971
0.513514 112 0.810355
0.513514 111 0.810534
0.511583 111 0.811051
0.511583 110 0.811307
0.509653 110 0.811602
0.509653 109 0.81702
0.509653 108 0.817352
0.509653 107 0.817966
0.507722 107 0.81975
0.505792 107 0.820532
0.505792 106 0.820674
0.503861 106 0.82071
0.503861 105 0.820872
0.503861 104 0.821388
0.503861 103 0.823222
0.503861 102 0.823571
0.503861 101 0.823657
0.503861 100 0.82391
0.501931 100 0.824913
0.501931 99 0.825713
0.501931 98 0.825907
0.501931 97 0.827216
0.501931 96 0.827386
0.501931 95 0.827393
0.5 95 0.830539
0.5 94 0.832385
0.5 93 0.833678
0.5 92 0.834437
0.498069 92 0.836423
0.498069 91 0.836727
0.498069 90 0.837054
0.498069 89 0.839264
0.498069 88 0.842954
0.498069 87 0.84364
0.498069 86 0.843767
0.498069 85 0.846031
0.498069 84 0.847803
0.498069 83 0.847929
0.498069 82 0.848859
0.498069 81 0.849763
0.498069 80 0.850399
0.496139 80 0.85192
0.494208 80 0.852073
0.494208 79 0.852198
0.494208 78 0.853403
0.494208 77 0.854638
0.494208 76 0.855262
0.494208 75 0.857253
0.492278 75 0.857432
0.490347 75 0.859155
0.490347 74 0.859157
0.490347 73 0.859788
0.488417 73 0.861221
0.488417 72 0.862077
0.488417 71 0.862527
0.486486 71 0.864063
0.486486 70 0.864115
0.484556 70 0.864223
0.482625 70 0.866513
0.480695 70 0.873493
0.480695 69 0.874362
0.480695 68 0.875448
0.480695 67 0.875468
0.478764 67 0.875545
0.476834 67 0.876384
0.476834 66 0.876865
0.476834 65 0.878379
0.474903 65 0.879156
0.474903 64 0.879897
0.472973 64 0.881256
0.472973 63 0.88158
0.472973 62 0.881901
0.472973 61 0.884523
0.472973 60 0.885643
0.472973 59 0.885683
0.471042 59 0.885852
0.469112 59 0.88624
0.467181 59 0.889277
0.465251 59 0.890445
0.465251 58 0.890927
0.465251 57 0.89106
0.46332 57 0.893101
0.46139 57 0.895296
0.459459 57 0.896153
0.457529 57 0.897172
0.457529 56 0.899021
0.455598 56 0.901091
0.453668 56 0.901686
0.453668 55 0.904773
0.451737 55 0.90509
0.449807 55 0.90521
0.447876 55 0.905602
0.447876 54 0.905833
0.447876 53 0.906407
0.447876 52 0.907827
0.447876 51 0.908119
0.447876 50 0.908295
0.447876 49 0.909207
0.445946 49 0.909547
0.444015 49 0.909552
0.442085 49 0.909637
0.440154 49 0.909755
0.438224 49 0.911157
0.438224 48 0.912523
0.438224 47 0.913832
0.438224 46 0.9141
0.436293 46 0.914228
0.436293 45 0.915066
0.434363 45 0.916041
0.434363 44 0.916133
0.434363 43 0.916668
0.434363 42 0.916845
0.432432 42 0.916912
0.432432 41 0.919343
0.432432 40 0.920163
0.430502 40 0.920382
0.430502 39 0.921189
0.428571 39 0.921531
0.426641 39 0.924387
0.42471 39 0.924845
0.42278 39 0.925968
0.42278 38 0.927168
0.42278 37 0.927243
0.420849 37 0.929558
0.420849 36 0.929628
0.418919 36 0.929955
0.416988 36 0.930589
0.415058 36 0.931336
0.413127 36 0.931865
0.411197 36 0.933001
0.409266 36 0.933063
0.407336 36 0.934252
0.405405 36 0.934803
0.403475 36 0.936894
0.401544 36 0.938102
0.399614 36 0.938487
0.397683 36 0.938749
0.397683 35 0.93971
0.395753 35 0.939745
0.393822 35 0.940084
0.391892 35 0.940088
0.389961 35 0.94076
0.389961 34 0.942371
0.389961 33 0.942522
0.389961 32 0.942895
0.388031 32 0.945094
0.3861 32 0.945215
0.38417 32 0.945846
0.382239 32 0.946604
0.382239 31 0.947338
0.382239 30 0.947359
0.380309 30 0.947619
0.380309 29 0.947692
0.378378 29 0.948089
0.378378 28 0.948382
0.376448 28 0.948631
0.374517 28 0.948908
0.374517 27 0.949294
0.372587 27 0.950088
0.370656 27 0.950198
0.368726 27 0.950229
0.366795 27 0.950257
0.366795 26 0.951573
0.366795 25 0.955003
0.364865 25 0.955401
0.364865 24 0.955869
0.362934 24 0.956757
0.361004 24 0.957117
0.361004 23 0.957193
0.359073 23 0.957829
0.357143 23 0.957937
0.357143 22 0.958565
0.355212 22 0.959857
0.353282 22 0.960391
0.351351 22 0.961103
0.349421 22 0.963058
0.34749 22 0.964159
0.34556 22 0.964925
0.343629 22 0.964934
0.341699 22 0.964997
0.341699 21 0.96503
0.339768 21 0.965151
0.337838 21 0.966066
0.335907 21 0.966247
0.333977 21 0.966681
0.333977 20 0.966866
0.332046 20 0.968121
0.330116 20 0.968973
0.328185 20 0.96924
0.326255 20 0.969414
0.324324 20 0.970424
0.322394 20 0.970956
0.320463 20 0.971287
0.318533 20 0.971305
0.318533 19 0.971695
0.316602 19 0.971731
0.314672 19 0.97184
0.312741 19 0.973263
0.312741 18 0.974034
0.312741 17 0.974933
0.310811 17 0.97579
0.30888 17 0.975923
0.30695 17 0.976329
0.305019 17 0.976384
0.305019 16 0.976694
0.303089 16 0.976799
0.303089 15 0.977159
0.301158 15 0.978027
0.299228 15 0.978055
0.297297 15 0.978374
0.295367 15 0.978897
0.293436 15 0.979718
0.291506 15 0.980251
0.289575 15 0.980808
0.287645 15 0.980918
0.287645 14 0.982554
0.285714 14 0.982717
0.285714 13 0.983443
0.283784 13 0.983539
0.283784 12 0.983642
0.281853 12 0.984245
0.279923 12 0.984383
0.277992 12 0.98482
0.276062 12 0.984857
0.274131 12 0.985202
0.272201 12 0.986436
0.27027 12 0.986711
0.27027 11 0.987146
0.26834 11 0.987643
0.266409 11 0.98776
0.264479 11 0.988102
0.262548 11 0.988268
0.262548 10 0.988403
0.260618 10 0.988552
0.258687 10 0.989138
0.256757 10 0.989224
0.254826 10 0.989776
0.252896 10 0.989994
0.250965 10 0.990024
0.250965 9 0.990093
0.250965 8 0.990393
0.249035 8 0.991253
0.247104 8 0.991431
0.245174 8 0.991524
0.243243 8 0.991565
0.241313 8 0.991719
0.241313 7 0.991861
0.239382 7 0.991922
0.237452 7 0.99196
0.235521 7 0.992317
0.233591 7 0.992363
0.23166 7 0.99249
0.22973 7 0.99291
0.22973 6 0.992974
0.227799 6 0.993015
0.225869 6 0.993389
0.223938 6 0.993713
0.222008 6 0.994025
0.220077 6 0.994044
0.218147 6 0.994217
0.216216 6 0.994224
0.214286 6 0.99426
0.212355 6 0.994481
0.210425 6 0.994646
0.208494 6 0.99469
0.206564 6 0.994881
0.204633 6 0.995157
0.202703 6 0.995443
0.200772 6 0.995471
0.198842 6 0.996031
0.196911 6 0.996249
0.194981 6 0.996261
0.19305 6 0.996486
0.19305 5 0.996905
0.19112 5 0.997011
0.19112 4 0.99723
0.189189 4 0.997415
0.187259 4 0.997525
0.185328 4 0.997744
0.183398 4 0.997813
0.181467 4 0.997849
0.179537 4 0.998004
0.177606 4 0.998018
0.175676 4 0.998028
0.173745 4 0.998105
0.171815 4 0.998258
0.169884 4 0.998341
0.167954 4 0.998415
0.166023 4 0.998496
0.164093 4 0.998503
0.162162 4 0.99851
0.160232 4 0.998637
0.158301 4 0.998646
0.156371 4 0.998649
0.15444 4 0.998689
0.15251 4 0.998693
0.150579 4 0.998745
0.148649 4 0.998866
0.146718 4 0.998929
0.144788 4 0.998976
0.142857 4 0.998989
0.140927 4 0.998991
0.138996 4 0.999004
0.137066 4 0.999007
0.135135 4 0.999127
0.133205 4 0.999161
0.133205 3 0.999179
0.131274 3 0.99919
0.129344 3 0.999246
0.129344 2 0.99925
0.127413 2 0.999273
0.125483 2 0.999283
0.123552 2 0.99935
0.121622 2 0.999351
0.119691 2 0.999352
0.117761 2 0.999397
0.11583 2 0.999466
0.1139 2 0.999502
0.111969 2 0.999532
0.110039 2 0.999549
0.108108 2 0.999552
0.106178 2 0.999562
0.104247 2 0.999573
0.102317 2 0.999589
0.100386 2 0.999596
0.0984556 2 0.999622
0.0965251 2 0.999674
0.0945946 2 0.999698
0.0926641 2 0.999714
0.0907336 2 0.999722
0.0888031 2 0.999728
0.0868726 2 0.999738
0.0849421 2 0.999741
0.0830116 2 0.999769
0.0830116 1 0.999779
0.0810811 1 0.999785
0.0791506 1 0.999795
0.0772201 1 0.999806
0.0752896 1 0.999813
0.0733591 1 0.999821
0.0714286 1 0.999834
0.0694981 1 0.999845
0.0675676 0 0.999856
0.0656371 0 0.999869
0.0637066 0 0.999876
0.0617761 0 0.999882
0.0598456 0 0.999884
0.0579151 0 0.999896
0.0559846 0 0.999907
0.0540541 0 0.999934
0.0521236 0 0.999943
0.0501931 0 0.999945
0.0482625 0 0.999946
0.046332 0 0.99995
0.0444015 0 0.999951
0.042471 0 0.999953
0.03861 0 0.999955
0.0366795 0 0.999959
0.034749 0 0.999965
0.0328185 0 0.999967
0.0289575 0 0.999972
0.027027 0 0.99998
0.0250965 0 0.999981
0.023166 0 0.999982
0.0212355 0 0.999983
0.019305 0 0.999988
0.0173745 0 0.99999
0.015444 0 0.999996
0.0135135 0 0.999998
0.011583 0 0.999999
0.00772201 0 1
