0.708171 969 0.300019
0.708171 968 0.300047
0.708171 967 0.300215
0.708171 966 0.30062
0.708171 965 0.300706
0.708171 964 0.300823
0.708171 963 0.301079
0.708171 962 0.301251
0.708171 961 0.301327
0.706226 961 0.301396
0.706226 960 0.301704
0.706226 959 0.302382
0.706226 958 0.302552
0.706226 957 0.302724
0.706226 956 0.303162
0.706226 955 0.303402
0.706226 954 0.303799
0.706226 953 0.303988
0.706226 952 0.304297
0.706226 951 0.304353
0.706226 950 0.304481
0.706226 949 0.305179
0.706226 948 0.305542
0.706226 947 0.305761
0.706226 946 0.305958
0.706226 945 0.306004
0.706226 944 0.306092
0.706226 943 0.306096
0.706226 942 0.30618
0.706226 941 0.306214
0.706226 940 0.306681
0.706226 939 0.30671
0.706226 938 0.307232
0.706226 937 0.307597
0.706226 936 0.307722
0.706226 935 0.30815
0.706226 934 0.308539
0.706226 933 0.308935
0.706226 932 0.309523
0.706226 931 0.309652
0.706226 930 0.30999
0.706226 929 0.310134
0.706226 928 0.31019
0.706226 927 0.310418
0.706226 926 0.310506
0.706226 925 0.311476
0.706226 924 0.311611
0.706226 923 0.312128
0.706226 922 0.312181
0.706226 921 0.312287
0.706226 920 0.312568
0.706226 919 0.312629
0.706226 918 0.312703
0.706226 917 0.312958
0.706226 916 0.313115
0.706226 915 0.313164
0.706226 914 0.314156
0.706226 913 0.314742
0.706226 912 0.314784
0.706226 911 0.314886
0.706226 910 0.31506
0.706226 909 0.315069
0.706226 908 0.316133
0.706226 907 0.316431
0.706226 906 0.316648
0.706226 905 0.316882
0.706226 904 0.316914
0.706226 903 0.316978
0.706226 902 0.317074
0.706226 901 0.317092
0.706226 900 0.317439
0.706226 899 0.317554
0.706226 898 0.317576
0.706226 897 0.317635
0.706226 896 0.318147
0.706226 895 0.318159
0.706226 894 0.3182
0.706226 893 0.31854
0.706226 892 0.318852
0.706226 891 0.319115
0.706226 890 0.319322
0.706226 889 0.319666
0.706226 888 0.319977
0.706226 887 0.320142
0.706226 886 0.320207
0.706226 885 0.320221
0.706226 884 0.320506
0.70428 884 0.320821
0.70428 883 0.321182
0.70428 882 0.321583
0.70428 881 0.32182
0.70428 880 0.321992
0.70428 879 0.322114
0.70428 878 0.322536
0.70428 877 0.322627
0.70428 876 0.322638
0.70428 875 0.322787
0.70428 874 0.322788
0.70428 873 0.323117
0.70428 872 0.323159
0.70428 871 0.32413
0.70428 870 0.324459
0.70428 869 0.324787
0.70428 868 0.325357
0.70428 867 0.325479
0.70428 866 0.325929
0.70428 865 0.326015
0.70428 864 0.32604
0.70428 863 0.327532
0.70428 861 0.327725
0.70428 860 0.328387
0.70428 859 0.328417
0.70428 858 0.328649
0.70428 857 0.328652
0.70428 856 0.328808
0.70428 855 0.328866
0.70428 854 0.329744
0.70428 853 0.32981
0.70428 852 0.329969
0.70428 851 0.330638
0.70428 850 0.330887
0.70428 849 0.331058
0.70428 848 0.33121
0.70428 847 0.331812
0.70428 846 0.332381
0.70428 845 0.332796
0.70428 844 0.333185
0.70428 843 0.333268
0.70428 842 0.333431
0.70428 841 0.333752
0.70428 840 0.334108
0.70428 839 0.334177
0.70428 838 0.334179
0.70428 837 0.335097
0.70428 836 0.33534
0.70428 835 0.33552
0.70428 834 0.335665
0.70428 833 0.335955
0.70428 832 0.336289
0.70428 831 0.337567
0.70428 830 0.337751
0.70428 829 0.338467
0.70428 828 0.339039
0.70428 827 0.339185
0.70428 826 0.339477
0.70428 825 0.339605
0.70428 824 0.339682
0.70428 823 0.339849
0.70428 822 0.340133
0.70428 821 0.340881
0.70428 820 0.341349
0.70428 819 0.342199
0.70428 818 0.342375
0.70428 817 0.342888
0.70428 816 0.34357
0.70428 815 0.343703
0.70428 814 0.344111
0.70428 813 0.344145
0.70428 812 0.34433
0.70428 811 0.345156
0.70428 810 0.345268
0.70428 809 0.345318
0.70428 808 0.345405
0.70428 807 0.345463
0.70428 806 0.346169
0.70428 805 0.346704
0.70428 804 0.347066
0.70428 803 0.347317
0.70428 802 0.347507
0.70428 801 0.348277
0.70428 800 0.349045
0.70428 799 0.349615
0.70428 798 0.349626
0.70428 797 0.349629
0.70428 796 0.349905
0.70428 795 0.350061
0.70428 794 0.350186
0.70428 793 0.35044
0.70428 792 0.350763
0.70428 791 0.350764
0.70428 790 0.351319
0.70428 789 0.351749
0.70428 788 0.352047
0.70428 787 0.35228
0.70428 786 0.35278
0.702335 786 0.354219
0.702335 785 0.354382
0.702335 784 0.354589
0.702335 783 0.354788
0.702335 782 0.355133
0.702335 781 0.355371
0.702335 780 0.356596
0.702335 779 0.35715
0.702335 778 0.357906
0.702335 777 0.358268
0.702335 776 0.358617
0.702335 775 0.359808
0.702335 774 0.35997
0.702335 773 0.361041
0.702335 772 0.361212
0.702335 771 0.361433
0.702335 770 0.361901
0.702335 769 0.361929
0.702335 768 0.362293
0.702335 767 0.362942
0.702335 766 0.362987
0.700389 766 0.364341
0.698444 766 0.364349
0.698444 765 0.364653
0.698444 764 0.364703
0.698444 763 0.365008
0.698444 762 0.36646
0.698444 761 0.366618
0.698444 760 0.367343
0.698444 759 0.367883
0.698444 758 0.368237
0.698444 757 0.368672
0.698444 756 0.36886
0.698444 755 0.36941
0.698444 754 0.369448
0.698444 753 0.369999
0.698444 752 0.370997
0.698444 751 0.371467
0.698444 750 0.372976
0.698444 749 0.373138
0.698444 748 0.37328
0.698444 747 0.373345
0.698444 746 0.37359
0.698444 745 0.374344
0.698444 744 0.3746
0.698444 743 0.374642
0.698444 742 0.375007
0.698444 741 0.375404
0.698444 740 0.376136
0.698444 739 0.376148
0.698444 738 0.376188
0.698444 737 0.376665
0.698444 736 0.376704
0.698444 735 0.376823
0.698444 734 0.37717
0.698444 733 0.377224
0.698444 732 0.377312
0.698444 731 0.377488
0.698444 730 0.377739
0.698444 729 0.377851
0.698444 728 0.377879
0.698444 727 0.378112
0.698444 726 0.378178
0.698444 725 0.378661
0.698444 724 0.378803
0.698444 723 0.378807
0.698444 722 0.378966
0.698444 721 0.379226
0.698444 720 0.379687
0.698444 719 0.380323
0.698444 718 0.381409
0.698444 717 0.38216
0.698444 716 0.382225
0.698444 715 0.38232
0.698444 714 0.383238
0.698444 713 0.383469
0.698444 712 0.383472
0.698444 711 0.383496
0.698444 710 0.383656
0.698444 709 0.383875
0.698444 708 0.384095
0.698444 707 0.384505
0.698444 706 0.385209
0.698444 705 0.385715
0.698444 704 0.386092
0.698444 703 0.386298
0.698444 702 0.386494
0.698444 701 0.387158
0.698444 700 0.387234
0.698444 699 0.387294
0.698444 698 0.387671
0.698444 697 0.387947
0.698444 696 0.388223
0.698444 695 0.388626
0.698444 694 0.389852
0.698444 693 0.389927
0.698444 692 0.390416
0.698444 691 0.390446
0.698444 690 0.390481
0.698444 689 0.391199
0.698444 688 0.391223
0.698444 687 0.391313
0.698444 686 0.391396
0.698444 685 0.391548
0.696498 685 0.392386
0.696498 684 0.3928
0.696498 683 0.393026
0.696498 682 0.393504
0.696498 681 0.394477
0.696498 680 0.394919
0.696498 679 0.395891
0.696498 678 0.396769
0.696498 677 0.396948
0.696498 676 0.397019
0.696498 675 0.398185
0.696498 674 0.398228
0.696498 673 0.398682
0.696498 672 0.398702
0.696498 671 0.398802
0.696498 670 0.399415
0.696498 669 0.399447
0.696498 668 0.400071
0.696498 667 0.400967
0.696498 666 0.401263
0.696498 665 0.402151
0.696498 664 0.402359
0.696498 663 0.40258
0.696498 662 0.402632
0.696498 661 0.402844
0.696498 660 0.403028
0.696498 659 0.403289
0.696498 658 0.403677
0.696498 657 0.404504
0.696498 656 0.40477
0.696498 655 0.404858
0.696498 654 0.405023
0.696498 653 0.405295
0.696498 652 0.405809
0.694553 652 0.405825
0.694553 651 0.405843
0.694553 650 0.406049
0.694553 649 0.406273
0.694553 648 0.406356
0.694553 647 0.406697
0.694553 646 0.40738
0.694553 645 0.408087
0.694553 644 0.409321
0.694553 643 0.409976
0.694553 642 0.410388
0.694553 641 0.410473
0.694553 640 0.410967
0.694553 639 0.411335
0.694553 638 0.411413
0.694553 637 0.411837
0.694553 636 0.411866
0.694553 635 0.411977
0.694553 634 0.412157
0.694553 633 0.412821
0.694553 632 0.413044
0.694553 631 0.413268
0.694553 630 0.413434
0.694553 629 0.413549
0.694553 628 0.413788
0.694553 627 0.414382
0.692607 627 0.414413
0.692607 626 0.414632
0.692607 625 0.415396
0.690661 625 0.415743
0.690661 624 0.415953
0.690661 623 0.417078
0.690661 622 0.417838
0.690661 621 0.418217
0.690661 620 0.418411
0.690661 619 0.41856
0.690661 618 0.41882
0.690661 617 0.419208
0.690661 616 0.419588
0.690661 615 0.419591
0.690661 614 0.419995
0.690661 613 0.420396
0.690661 612 0.420733
0.690661 611 0.421054
0.690661 610 0.421082
0.690661 609 0.421415
0.690661 608 0.421626
0.690661 607 0.42173
0.690661 606 0.421908
0.690661 605 0.421928
0.690661 604 0.422151
0.690661 603 0.423085
0.690661 602 0.423191
0.690661 601 0.42387
0.690661 600 0.423879
0.688716 600 0.424309
0.688716 599 0.424486
0.688716 598 0.426607
0.688716 597 0.426694
0.688716 596 0.427026
0.688716 595 0.427325
0.688716 594 0.427405
0.688716 593 0.428547
0.688716 592 0.429241
0.688716 591 0.429256
0.688716 590 0.429354
0.688716 589 0.429954
0.688716 588 0.430279
0.688716 587 0.430363
0.688716 586 0.430949
0.688716 585 0.431013
0.688716 584 0.431079
0.688716 583 0.432008
0.688716 582 0.432077
0.688716 581 0.432538
0.688716 580 0.43265
0.688716 579 0.433123
0.688716 578 0.433186
0.688716 577 0.43321
0.688716 576 0.433925
0.688716 575 0.435084
0.688716 574 0.435896
0.688716 573 0.436653
0.68677 573 0.436751
0.68677 572 0.436975
0.68677 571 0.436983
0.68677 570 0.43713
0.68677 569 0.438529
0.68677 568 0.438651
0.68677 567 0.439402
0.68677 566 0.439484
0.68677 565 0.439724
0.68677 564 0.439736
0.684825 564 0.439833
0.684825 563 0.439927
0.684825 562 0.440014
0.684825 561 0.441234
0.684825 560 0.441889
0.684825 559 0.442105
0.684825 558 0.442548
0.684825 557 0.442966
0.684825 556 0.443094
0.684825 555 0.443279
0.684825 554 0.444051
0.684825 553 0.4442
0.684825 552 0.444792
0.684825 551 0.44541
0.684825 550 0.445446
0.684825 549 0.445523
0.684825 548 0.445528
0.684825 547 0.447913
0.684825 546 0.448808
0.684825 545 0.449217
0.684825 544 0.449504
0.684825 543 0.449826
0.684825 542 0.450537
0.684825 541 0.451005
0.684825 540 0.452477
0.684825 539 0.453361
0.684825 538 0.453438
0.684825 537 0.453568
0.684825 536 0.453578
0.684825 535 0.4536
0.684825 534 0.45417
0.684825 533 0.454283
0.682879 533 0.454357
0.682879 532 0.455903
0.682879 531 0.456618
0.682879 530 0.458326
0.682879 529 0.458541
0.682879 528 0.459147
0.682879 527 0.459369
0.682879 526 0.459644
0.682879 525 0.460066
0.682879 524 0.461034
0.682879 523 0.461224
0.682879 522 0.462037
0.682879 521 0.462242
0.682879 520 0.462616
0.682879 519 0.463573
0.682879 518 0.464747
0.682879 517 0.46544
0.680934 517 0.466694
0.680934 516 0.467519
0.680934 515 0.467569
0.680934 514 0.469322
0.680934 513 0.470045
0.680934 512 0.471611
0.680934 511 0.473119
0.680934 510 0.47417
0.680934 509 0.474419
0.680934 508 0.475244
0.680934 507 0.476138
0.680934 506 0.476218
0.680934 505 0.476563
0.680934 504 0.476945
0.680934 503 0.477277
0.680934 502 0.477298
0.680934 501 0.47747
0.678988 501 0.478488
0.678988 500 0.479251
0.678988 499 0.479622
0.678988 498 0.480675
0.678988 497 0.480847
0.678988 496 0.481225
0.678988 495 0.481907
0.678988 494 0.482478
0.678988 493 0.483168
0.678988 492 0.483179
0.678988 491 0.483452
0.677043 491 0.483495
0.677043 490 0.485397
0.677043 489 0.486287
0.677043 488 0.487112
0.677043 487 0.487552
0.677043 486 0.488327
0.677043 485 0.489978
0.677043 484 0.490194
0.677043 483 0.490465
0.677043 482 0.491073
0.677043 481 0.491779
0.677043 480 0.491831
0.677043 479 0.492237
0.677043 478 0.49276
0.677043 477 0.493479
0.677043 476 0.493485
0.677043 475 0.494422
0.677043 474 0.494571
0.677043 473 0.49483
0.677043 472 0.4955
0.677043 471 0.496398
0.675097 471 0.496723
0.675097 470 0.497223
0.675097 469 0.497534
0.675097 468 0.497558
0.675097 467 0.498583
0.675097 466 0.499568
0.675097 465 0.500673
0.675097 464 0.500816
0.675097 463 0.500838
0.675097 462 0.501209
0.675097 461 0.502061
0.675097 460 0.503223
0.675097 459 0.503612
0.675097 458 0.505061
0.675097 457 0.505304
0.675097 456 0.506266
0.675097 455 0.506492
0.675097 454 0.506643
0.675097 453 0.506691
0.675097 452 0.506709
0.675097 451 0.507872
0.675097 450 0.508612
0.675097 449 0.50912
0.675097 448 0.509715
0.675097 447 0.509905
0.675097 446 0.510839
0.675097 445 0.510981
0.675097 444 0.511139
0.675097 443 0.511557
0.675097 442 0.512077
0.675097 441 0.512892
0.675097 440 0.513092
0.675097 439 0.5144
0.675097 438 0.514893
0.675097 437 0.515013
0.675097 436 0.515019
0.675097 435 0.51583
0.675097 434 0.516135
0.675097 433 0.517468
0.675097 432 0.517649
0.675097 431 0.517709
0.673152 431 0.518305
0.673152 430 0.518334
0.673152 429 0.519705
0.673152 428 0.519747
0.673152 427 0.520432
0.673152 426 0.520716
0.673152 425 0.520854
0.671206 425 0.522089
0.671206 424 0.523084
0.671206 423 0.523291
0.671206 422 0.523331
0.671206 421 0.523695
0.671206 420 0.524335
0.671206 419 0.525723
0.671206 418 0.525741
0.671206 417 0.527079
0.669261 417 0.527128
0.669261 416 0.528053
0.669261 415 0.528752
0.669261 414 0.529089
0.669261 413 0.529421
0.669261 412 0.529659
0.669261 411 0.529907
0.669261 410 0.530778
0.669261 409 0.530899
0.669261 408 0.530961
0.669261 407 0.532005
0.669261 406 0.533471
0.669261 405 0.533534
0.669261 404 0.53476
0.669261 403 0.535228
0.669261 402 0.535366
0.669261 401 0.536075
0.667315 401 0.536206
0.667315 400 0.536363
0.667315 399 0.536539
0.667315 398 0.536856
0.667315 397 0.536947
0.667315 396 0.538117
0.667315 395 0.538118
0.667315 394 0.538269
0.667315 393 0.539452
0.66537 393 0.539626
0.66537 392 0.539641
0.663424 392 0.539743
0.663424 391 0.541091
0.663424 390 0.54183
0.663424 389 0.541992
0.663424 388 0.545091
0.663424 387 0.545467
0.663424 386 0.545486
0.663424 385 0.545664
0.663424 384 0.546049
0.663424 383 0.546657
0.663424 382 0.547107
0.661479 382 0.547343
0.661479 381 0.54779
0.661479 380 0.549192
0.661479 379 0.550821
0.661479 378 0.551634
0.661479 377 0.552121
0.661479 376 0.552291
0.661479 375 0.553368
0.661479 374 0.554144
0.661479 373 0.555047
0.661479 372 0.555103
0.661479 371 0.555885
0.661479 370 0.556558
0.661479 369 0.557283
0.661479 368 0.557696
0.661479 367 0.560187
0.661479 366 0.560573
0.661479 365 0.563966
0.661479 364 0.565224
0.659533 364 0.565374
0.659533 363 0.565532
0.659533 362 0.56554
0.659533 361 0.566326
0.659533 360 0.567131
0.659533 359 0.567162
0.659533 358 0.567319
0.659533 357 0.56826
0.659533 356 0.56918
0.659533 355 0.569544
0.659533 354 0.570061
0.659533 353 0.570916
0.659533 352 0.571035
0.659533 351 0.571326
0.659533 350 0.571339
0.659533 349 0.571644
0.659533 348 0.572244
0.659533 347 0.572935
0.659533 346 0.57317
0.659533 345 0.575023
0.657588 345 0.575167
0.657588 344 0.575269
0.655642 344 0.575841
0.655642 343 0.576191
0.655642 342 0.576425
0.655642 341 0.576442
0.655642 340 0.577188
0.655642 339 0.577958
0.655642 338 0.578789
0.655642 337 0.579973
0.655642 336 0.580687
0.655642 335 0.582668
0.651751 335 0.582922
0.651751 334 0.586075
0.649805 334 0.586469
0.649805 333 0.587025
0.649805 332 0.587161
0.64786 332 0.588467
0.64786 331 0.588633
0.64786 330 0.589162
0.64786 329 0.589249
0.64786 328 0.589649
0.645914 328 0.589773
0.645914 327 0.590476
0.645914 326 0.591788
0.645914 325 0.591975
0.645914 324 0.593594
0.645914 323 0.593657
0.645914 322 0.596586
0.645914 321 0.596652
0.645914 320 0.596982
0.645914 319 0.597241
0.645914 318 0.59726
0.645914 317 0.597674
0.645914 316 0.598113
0.645914 315 0.598981
0.645914 314 0.600828
0.643969 314 0.602135
0.643969 313 0.60216
0.643969 312 0.602986
0.643969 311 0.60351
0.643969 310 0.603626
0.643969 309 0.604232
0.642023 309 0.605061
0.642023 308 0.605834
0.642023 307 0.60595
0.640078 307 0.606393
0.640078 306 0.606746
0.640078 305 0.606927
0.640078 304 0.607431
0.638132 304 0.607821
0.638132 303 0.609306
0.638132 302 0.609674
0.638132 301 0.609735
0.638132 300 0.609925
0.638132 299 0.610056
0.636187 299 0.612395
0.634241 299 0.613561
0.632296 299 0.613929
0.632296 298 0.615146
0.632296 297 0.615229
0.63035 297 0.618434
0.63035 296 0.621712
0.63035 295 0.6226
0.63035 294 0.622662
0.63035 293 0.622964
0.63035 292 0.623031
0.63035 291 0.623317
0.63035 290 0.623579
0.63035 289 0.623828
0.628405 289 0.624961
0.628405 288 0.626729
0.628405 287 0.627233
0.628405 286 0.627538
0.628405 285 0.627824
0.628405 284 0.62784
0.628405 283 0.629201
0.628405 282 0.629389
0.628405 281 0.629698
0.628405 280 0.629842
0.628405 279 0.629985
0.628405 278 0.630133
0.628405 277 0.632545
0.628405 276 0.633413
0.626459 276 0.633637
0.626459 275 0.635514
0.624514 275 0.636542
0.624514 274 0.637492
0.624514 273 0.638364
0.624514 272 0.638462
0.624514 271 0.639783
0.624514 270 0.640465
0.622568 270 0.640486
0.622568 269 0.640493
0.620623 269 0.641214
0.620623 268 0.641653
0.620623 267 0.642586
0.620623 266 0.643153
0.620623 265 0.643811
0.620623 264 0.64508
0.620623 263 0.646345
0.620623 262 0.648373
0.620623 261 0.64849
0.618677 261 0.650935
0.618677 260 0.651411
0.618677 259 0.651463
0.618677 258 0.65178
0.618677 257 0.651999
0.616732 257 0.652752
0.616732 256 0.652811
0.616732 255 0.653813
0.614786 255 0.653855
0.61284 255 0.6543
0.61284 254 0.65438
0.610895 254 0.655836
0.608949 254 0.656843
0.608949 253 0.656937
0.608949 252 0.65749
0.608949 251 0.66117
0.607004 251 0.661417
0.607004 250 0.661821
0.607004 249 0.661974
0.605058 249 0.661998
0.603113 249 0.662332
0.603113 248 0.665339
0.603113 247 0.665963
0.603113 246 0.666561
0.603113 245 0.666629
0.601167 245 0.666753
0.601167 244 0.666785
0.601167 243 0.667462
0.599222 243 0.669051
0.599222 242 0.669364
0.599222 241 0.669527
0.599222 240 0.669704
0.597276 240 0.670121
0.597276 239 0.675743
0.597276 238 0.676102
0.595331 238 0.67772
0.595331 237 0.678096
0.595331 236 0.678432
0.593385 236 0.680339
0.593385 235 0.680761
0.593385 234 0.681367
0.593385 233 0.683006
0.593385 232 0.685034
0.593385 231 0.685567
0.593385 230 0.687007
0.59144 230 0.687073
0.59144 229 0.687635
0.589494 229 0.687755
0.589494 228 0.691095
0.589494 227 0.691434
0.589494 226 0.691864
0.589494 225 0.69204
0.587549 225 0.692986
0.587549 224 0.693403
0.587549 223 0.69369
0.587549 222 0.693811
0.587549 221 0.694038
0.587549 220 0.694042
0.585603 220 0.695904
0.585603 219 0.696976
0.585603 218 0.696979
0.585603 217 0.697153
0.585603 216 0.697378
0.585603 215 0.697609
0.585603 214 0.698882
0.585603 213 0.700072
0.585603 212 0.701382
0.585603 211 0.701503
0.583658 211 0.70301
0.581712 211 0.703367
0.581712 210 0.704355
0.579767 210 0.705062
0.579767 209 0.705543
0.577821 209 0.707378
0.577821 208 0.70764
0.577821 207 0.709266
0.577821 206 0.709758
0.577821 205 0.710332
0.577821 204 0.710536
0.577821 203 0.711182
0.575875 203 0.714135
0.575875 202 0.714206
0.575875 201 0.715455
0.57393 201 0.716023
0.571984 201 0.716285
0.571984 200 0.718127
0.571984 199 0.718698
0.570039 199 0.719802
0.570039 198 0.72007
0.568093 198 0.720107
0.568093 197 0.721649
0.568093 196 0.721819
0.568093 195 0.721956
0.568093 194 0.723863
0.568093 193 0.724781
0.568093 192 0.72522
0.568093 191 0.726128
0.568093 190 0.726429
0.568093 189 0.726702
0.568093 188 0.727037
0.566148 188 0.727339
0.566148 187 0.729406
0.566148 186 0.729961
0.566148 185 0.730247
0.566148 184 0.732121
0.564202 184 0.732216
0.564202 183 0.732281
0.564202 182 0.733103
0.564202 181 0.733225
0.564202 180 0.733992
0.564202 179 0.734262
0.562257 179 0.738334
0.562257 178 0.739537
0.562257 177 0.740334
0.562257 176 0.740702
0.562257 175 0.741299
0.562257 174 0.741991
0.562257 173 0.742143
0.562257 172 0.742388
0.560311 172 0.742655
0.560311 171 0.742658
0.560311 170 0.744029
0.560311 169 0.744945
0.558366 169 0.745269
0.558366 168 0.745957
0.55642 168 0.748666
0.55642 167 0.750406
0.554475 167 0.754324
0.552529 167 0.754614
0.552529 166 0.754757
0.550584 166 0.75706
0.550584 165 0.757358
0.548638 165 0.757604
0.548638 164 0.759497
0.548638 163 0.760977
0.546693 163 0.761187
0.546693 162 0.761383
0.546693 161 0.763574
0.546693 160 0.763659
0.546693 159 0.763804
0.544747 159 0.764818
0.542802 159 0.765237
0.542802 158 0.766971
0.542802 157 0.767216
0.542802 156 0.768018
0.542802 155 0.768052
0.540856 155 0.768562
0.540856 154 0.768794
0.540856 153 0.768859
0.540856 152 0.77014
0.538911 152 0.770169
0.538911 151 0.771511
0.538911 150 0.771742
0.538911 149 0.77222
0.538911 148 0.772672
0.538911 147 0.773141
0.538911 146 0.773483
0.538911 145 0.773696
0.536965 145 0.774229
0.536965 144 0.775776
0.535019 144 0.775829
0.533074 144 0.777172
0.533074 143 0.779375
0.533074 142 0.779491
0.531128 142 0.779841
0.531128 141 0.780378
0.531128 140 0.780811
0.529183 140 0.78084
0.529183 139 0.781317
0.527237 139 0.781418
0.527237 138 0.78163
0.525292 138 0.782569
0.525292 137 0.784808
0.523346 137 0.785149
0.523346 136 0.785399
0.523346 135 0.786183
0.523346 134 0.786735
0.523346 133 0.786825
0.523346 132 0.790079
0.521401 132 0.792427
0.519455 132 0.793273
0.519455 131 0.793719
0.519455 130 0.79471
0.519455 129 0.796376
0.519455 128 0.797547
0.51751 128 0.797974
0.51751 127 0.798118
0.515564 127 0.798755
0.515564 126 0.799179
0.515564 125 0.799796
0.513619 125 0.800787
0.511673 125 0.801696
0.509728 125 0.802266
0.507782 125 0.802398
0.505837 125 0.802789
0.505837 124 0.803645
0.505837 123 0.804463
0.505837 122 0.804479
0.503891 122 0.806851
0.503891 121 0.807216
0.503891 120 0.808894
0.503891 119 0.80897
0.501946 119 0.809409
0.5 119 0.810052
0.5 118 0.810528
0.5 117 0.810889
0.5 116 0.811522
0.498054 116 0.812643
0.498054 115 0.815311
0.498054 114 0.818411
0.498054 113 0.819136
0.496109 113 0.81916
0.496109 112 0.819346
0.496109 111 0.81957
0.494163 111 0.820391
0.494163 110 0.820417
0.494163 109 0.820946
0.494163 108 0.821303
0.494163 107 0.823034
0.494163 106 0.82327
0.492218 106 0.823708
0.490272 106 0.825573
0.490272 105 0.826027
0.488327 105 0.827401
0.488327 104 0.827655
0.488327 103 0.828808
0.488327 102 0.829236
0.488327 101 0.8293
0.486381 101 0.829305
0.486381 100 0.830402
0.484436 100 0.830694
0.484436 99 0.831026
0.48249 99 0.831752
0.480545 99 0.833068
0.478599 99 0.833244
0.478599 98 0.833595
0.478599 97 0.834957
0.478599 96 0.836919
0.476654 96 0.8378
0.476654 95 0.837991
0.474708 95 0.83805
0.474708 94 0.838087
0.474708 93 0.841047
0.474708 92 0.841512
0.474708 91 0.84173
0.474708 90 0.841965
0.474708 89 0.842072
0.474708 88 0.842206
0.474708 87 0.843556
0.474708 86 0.843765
0.474708 85 0.84387
0.474708 84 0.844192
0.474708 83 0.844759
0.472763 83 0.844774
0.470817 83 0.845689
0.468872 83 0.846545
0.468872 82 0.847869
0.468872 81 0.848635
0.466926 81 0.848782
0.466926 80 0.850826
0.466926 79 0.850994
0.464981 79 0.851654
0.464981 78 0.853453
0.464981 77 0.854282
0.464981 76 0.855287
0.463035 76 0.856993
0.463035 75 0.858
0.461089 75 0.858144
0.459144 75 0.858173
0.457198 75 0.858404
0.457198 74 0.859571
0.457198 73 0.860094
0.455253 73 0.860884
0.455253 72 0.862062
0.455253 71 0.863557
0.455253 70 0.863841
0.455253 69 0.864916
0.455253 68 0.865289
0.455253 67 0.866413
0.455253 66 0.867599
0.455253 65 0.868265
0.455253 64 0.86838
0.453307 64 0.868726
0.453307 63 0.870034
0.453307 62 0.871072
0.451362 62 0.87176
0.451362 61 0.874815
0.449416 61 0.87545
0.447471 61 0.875699
0.445525 61 0.876593
0.445525 60 0.876979
0.44358 60 0.878839
0.441634 60 0.880228
0.439689 60 0.880269
0.437743 60 0.88036
0.437743 59 0.880759
0.437743 58 0.880829
0.437743 57 0.880913
0.435798 57 0.881028
0.435798 56 0.881122
0.435798 55 0.881324
0.435798 54 0.881882
0.433852 54 0.881945
0.433852 53 0.882259
0.431907 53 0.882681
0.429961 53 0.885527
0.429961 52 0.886996
0.428016 52 0.887642
0.428016 51 0.888019
0.428016 50 0.888595
0.428016 49 0.888657
0.42607 49 0.892129
0.42607 48 0.893257
0.42607 47 0.893536
0.42607 46 0.895323
0.424125 46 0.895579
0.422179 46 0.895828
0.422179 45 0.896625
0.420233 44 0.896807
0.418288 44 0.897065
0.416342 44 0.899572
0.416342 43 0.899649
0.414397 43 0.901713
0.412451 43 0.901982
0.412451 42 0.90289
0.410506 42 0.902965
0.410506 41 0.903768
0.410506 40 0.903968
0.40856 40 0.905555
0.406615 40 0.906558
0.404669 40 0.90682
0.402724 40 0.910176
0.400778 40 0.910828
0.398833 40 0.912115
0.398833 39 0.912508
0.396887 39 0.913488
0.396887 38 0.915008
0.394942 38 0.916756
0.394942 37 0.917099
0.394942 36 0.917727
0.394942 35 0.917903
0.394942 34 0.918135
0.394942 33 0.920156
0.392996 33 0.920162
0.391051 33 0.921573
0.389105 33 0.922213
0.38716 33 0.922858
0.38716 32 0.923402
0.385214 32 0.924866
0.383268 32 0.92529
0.381323 32 0.925925
0.379377 32 0.931099
0.379377 31 0.931433
0.377432 31 0.93256
0.377432 30 0.933868
0.377432 29 0.93574
0.377432 28 0.935899
0.375486 28 0.936127
0.373541 28 0.937047
0.373541 27 0.937328
0.373541 26 0.940453
0.371595 26 0.94077
0.36965 26 0.94153
0.367704 26 0.942326
0.365759 26 0.944056
0.365759 25 0.945318
0.363813 25 0.946339
0.361868 25 0.948044
0.359922 25 0.948547
0.357977 25 0.94897
0.356031 25 0.950665
0.356031 24 0.950897
0.354086 24 0.951402
0.35214 24 0.951618
0.35214 23 0.95257
0.350195 23 0.952576
0.350195 22 0.9529
0.348249 22 0.953827
0.348249 21 0.954022
0.346304 21 0.955337
0.344358 21 0.956748
0.342412 21 0.957692
0.340467 21 0.958391
0.338521 21 0.958597
0.336576 21 0.959323
0.336576 20 0.959372
0.33463 20 0.960702
0.332685 20 0.962533
0.330739 20 0.963034
0.328794 20 0.963681
0.326848 20 0.964052
0.326848 19 0.964326
0.326848 18 0.964706
0.324903 18 0.96585
0.324903 17 0.966452
0.322957 17 0.96769
0.321012 17 0.967788
0.321012 16 0.968997
0.319066 16 0.969212
0.317121 16 0.969229
0.315175 16 0.969565
0.315175 15 0.970966
0.31323 15 0.973334
0.311284 15 0.973373
0.309339 15 0.974184
0.309339 14 0.974571
0.307393 14 0.97489
0.307393 13 0.975047
0.307393 12 0.975414
0.305447 12 0.975439
0.303502 12 0.97545
0.301556 12 0.975785
0.299611 12 0.975893
0.297665 12 0.975999
0.29572 12 0.976247
0.293774 12 0.977306
0.291829 12 0.977338
0.289883 12 0.977733
0.287938 12 0.978346
0.285992 12 0.978564
0.284047 12 0.978912
0.282101 12 0.979033
0.280156 12 0.979633
0.27821 12 0.979917
0.276265 12 0.980217
0.274319 12 0.981256
0.272374 12 0.98159
0.270428 12 0.981639
0.268482 12 0.981843
0.266537 12 0.982549
0.264591 12 0.98259
0.262646 12 0.982826
0.2607 12 0.983189
0.258755 12 0.984128
0.256809 12 0.98444
0.254864 12 0.984673
0.252918 12 0.984785
0.250973 12 0.984888
0.249027 12 0.98511
0.247082 12 0.985156
0.245136 12 0.985568
0.245136 11 0.985576
0.243191 11 0.985851
0.241245 11 0.986289
0.2393 11 0.986342
0.2393 10 0.986374
0.237354 10 0.986649
0.235409 10 0.986926
0.233463 10 0.988727
0.233463 9 0.988846
0.231518 9 0.988956
0.231518 8 0.989511
0.229572 8 0.989697
0.227626 8 0.990617
0.225681 8 0.990642
0.223735 8 0.990885
0.223735 7 0.99137
0.22179 7 0.991387
0.219844 7 0.991687
0.217899 7 0.991825
0.215953 7 0.992061
0.214008 7 0.992124
0.212062 7 0.992192
0.210117 7 0.992557
0.208171 7 0.992637
0.206226 7 0.992653
0.20428 7 0.993001
0.202335 7 0.993012
0.202335 6 0.993332
0.200389 6 0.99365
0.198444 6 0.993909
0.196498 6 0.994056
0.194553 6 0.994148
0.192607 6 0.994185
0.190661 6 0.995162
0.188716 6 0.995193
0.18677 6 0.995284
0.184825 6 0.995355
0.182879 6 0.995584
0.180934 6 0.995753
0.178988 6 0.995884
0.177043 6 0.995928
0.175097 6 0.996106
0.173152 6 0.996498
0.171206 6 0.996502
0.169261 6 0.996618
0.167315 6 0.996626
0.16537 6 0.996665
0.16537 5 0.996798
0.163424 5 0.996894
0.161479 5 0.996984
0.159533 5 0.997145
0.157588 5 0.997162
0.155642 5 0.997229
0.155642 4 0.997234
0.155642 3 0.997464
0.153696 3 0.99763
0.151751 3 0.998047
0.149805 3 0.998101
0.14786 3 0.998197
0.145914 3 0.998198
0.143969 3 0.998242
0.142023 3 0.998357
0.140078 3 0.998396
0.138132 3 0.998398
0.136187 3 0.998425
0.134241 3 0.99845
0.132296 3 0.998476
0.13035 3 0.998614
0.128405 3 0.998648
0.126459 3 0.998699
0.124514 3 0.998803
0.122568 3 0.998809
0.120623 3 0.998867
0.120623 2 0.998896
0.118677 2 0.998976
0.116732 2 0.999009
0.114786 2 0.999015
0.11284 2 0.99916
0.11284 1 0.999193
0.110895 1 0.999292
0.108949 1 0.999341
0.107004 1 0.999362
0.105058 1 0.999389
0.103113 1 0.999402
0.101167 1 0.999429
0.0992218 1 0.999623
0.0972763 1 0.999627
0.0953307 1 0.99963
0.0933852 1 0.999658
0.0914397 1 0.999679
0.0894942 1 0.999688
0.0875486 1 0.999698
0.0856031 1 0.999704
0.0836576 1 0.999713
0.0817121 1 0.99974
0.0797665 1 0.999744
0.077821 1 0.999753
0.0758755 1 0.999754
0.07393 1 0.999763
0.07393 0 0.999778
0.0719844 0 0.999785
0.0700389 0 0.999792
0.0680934 0 0.9998
0.0661479 0 0.999821
0.0642023 0 0.999837
0.0622568 0 0.999838
0.0603113 0 0.999855
0.0583658 0 0.999857
0.0564202 0 0.999862
0.0544747 0 0.999884
0.0525292 0 0.999888
0.0505837 0 0.999896
0.0486381 0 0.99992
0.0466926 0 0.999929
0.0447471 0 0.999946
0.0428016 0 0.999958
0.040856 0 0.999961
0.036965 0 0.999963
0.0350195 0 0.999965
0.0330739 0 0.999971
0.0311284 0 0.999976
0.0291829 0 0.999977
0.0272374 0 0.999982
0.0252918 0 0.999986
0.0233463 0 0.999989
0.0214008 0 0.999992
0.0194553 0 0.999995
0.0155642 0 0.999996
0.0136187 0 0.999997
0.0077821 0 0.999998
0.00583658 0 0.999999
0.00389105 0 1
0 0 1.79769e+308
