0.671815 938 0.300116
0.671815 937 0.300275
0.671815 936 0.300686
0.671815 935 0.300755
0.671815 934 0.300931
0.671815 933 0.301322
0.671815 932 0.301365
0.671815 931 0.301725
0.671815 930 0.301941
0.671815 929 0.302099
0.671815 928 0.302211
0.671815 927 0.302391
0.671815 926 0.302466
0.671815 925 0.303248
0.671815 924 0.303426
0.671815 923 0.303505
0.671815 922 0.304449
0.671815 921 0.30462
0.671815 920 0.304709
0.671815 919 0.30497
0.671815 918 0.305422
0.671815 917 0.305931
0.671815 916 0.305953
0.671815 915 0.306177
0.671815 914 0.306214
0.669884 914 0.306399
0.669884 913 0.30651
0.669884 912 0.308366
0.669884 911 0.308418
0.669884 910 0.30937
0.669884 909 0.30994
0.669884 908 0.311035
0.669884 907 0.311075
0.669884 906 0.311103
0.669884 905 0.311247
0.669884 904 0.311254
0.669884 903 0.311345
0.669884 902 0.312006
0.669884 901 0.312205
0.669884 900 0.312874
0.669884 899 0.313185
0.669884 898 0.31392
0.669884 897 0.314057
0.667954 897 0.31437
0.667954 896 0.314628
0.667954 895 0.316104
0.667954 894 0.31625
0.666023 894 0.316591
0.666023 893 0.316892
0.666023 892 0.316905
0.666023 891 0.317193
0.666023 890 0.317524
0.666023 889 0.317883
0.666023 888 0.318705
0.666023 887 0.318808
0.666023 886 0.318899
0.666023 885 0.319298
0.664093 885 0.319322
0.664093 884 0.319323
0.664093 883 0.320052
0.664093 882 0.32009
0.664093 881 0.320444
0.664093 880 0.320653
0.664093 879 0.32081
0.664093 878 0.32109
0.664093 877 0.321099
0.664093 876 0.321454
0.664093 875 0.321673
0.664093 874 0.322205
0.664093 873 0.3224
0.664093 872 0.322564
0.664093 871 0.323133
0.664093 870 0.323395
0.664093 869 0.323592
0.664093 868 0.323847
0.664093 867 0.324045
0.664093 866 0.324799
0.664093 865 0.324844
0.664093 864 0.324887
0.664093 863 0.324893
0.662162 863 0.324965
0.662162 862 0.325087
0.662162 861 0.325595
0.662162 860 0.325679
0.662162 859 0.326322
0.662162 858 0.326833
0.662162 857 0.328638
0.662162 856 0.328748
0.662162 855 0.329172
0.662162 854 0.329907
0.662162 853 0.330593
0.662162 852 0.331608
0.662162 851 0.332123
0.662162 850 0.332231
0.662162 849 0.332268
0.662162 848 0.33262
0.662162 847 0.332889
0.662162 846 0.332924
0.662162 845 0.333782
0.662162 844 0.333889
0.662162 843 0.333896
0.662162 842 0.333929
0.662162 841 0.334077
0.662162 840 0.334406
0.662162 839 0.334468
0.662162 838 0.334627
0.662162 837 0.334661
0.662162 836 0.334799
0.662162 835 0.335352
0.662162 834 0.335944
0.662162 833 0.336091
0.662162 832 0.336307
0.662162 831 0.336309
0.662162 830 0.336882
0.662162 829 0.337177
0.662162 828 0.33736
0.662162 827 0.337364
0.662162 826 0.337571
0.662162 825 0.337727
0.662162 824 0.338628
0.662162 823 0.339652
0.662162 822 0.339852
0.662162 821 0.340262
0.662162 820 0.340335
0.660232 820 0.340969
0.660232 819 0.34118
0.660232 818 0.341602
0.660232 817 0.342683
0.660232 816 0.343203
0.660232 815 0.343691
0.660232 814 0.344037
0.660232 813 0.344753
0.660232 812 0.344821
0.660232 811 0.345241
0.658301 811 0.34554
0.658301 810 0.345761
0.658301 809 0.345905
0.658301 808 0.346102
0.658301 807 0.346342
0.658301 806 0.346385
0.658301 805 0.34693
0.658301 804 0.347019
0.658301 803 0.347063
0.658301 802 0.348461
0.658301 801 0.348661
0.658301 800 0.348798
0.658301 799 0.34919
0.658301 798 0.349263
0.658301 797 0.349347
0.658301 796 0.349567
0.658301 795 0.349779
0.658301 794 0.349916
0.658301 793 0.350413
0.656371 793 0.350548
0.656371 792 0.351032
0.656371 791 0.351354
0.656371 790 0.351399
0.656371 789 0.351533
0.656371 788 0.352216
0.656371 787 0.352255
0.656371 786 0.352318
0.656371 785 0.352448
0.656371 784 0.352821
0.656371 783 0.353171
0.656371 782 0.353579
0.656371 781 0.353845
0.656371 780 0.353886
0.656371 779 0.354319
0.656371 778 0.354647
0.656371 777 0.354669
0.656371 776 0.35575
0.656371 775 0.355788
0.656371 774 0.356447
0.656371 773 0.35662
0.656371 772 0.35687
0.65444 772 0.357025
0.65444 771 0.357176
0.65444 770 0.357191
0.65444 769 0.357216
0.65444 768 0.357279
0.65444 767 0.35854
0.65444 766 0.360058
0.65444 765 0.360796
0.65444 764 0.361073
0.65444 763 0.361187
0.65444 762 0.36132
0.65444 761 0.362094
0.65444 760 0.362727
0.65444 759 0.363347
0.65444 758 0.363558
0.65444 757 0.363793
0.65444 756 0.364291
0.65444 755 0.364393
0.65444 754 0.364616
0.65444 753 0.364798
0.65444 752 0.365019
0.65444 751 0.365031
0.65444 750 0.365461
0.65444 749 0.365862
0.65444 748 0.365998
0.65444 747 0.368039
0.65444 746 0.368107
0.65444 745 0.368828
0.65444 744 0.368901
0.65444 743 0.369011
0.65444 742 0.369061
0.65444 741 0.369182
0.65444 740 0.369274
0.65444 739 0.369642
0.65444 738 0.369669
0.65444 737 0.369848
0.65444 736 0.370455
0.65444 735 0.370704
0.65444 734 0.371019
0.65444 733 0.371346
0.65444 732 0.371506
0.65444 731 0.371507
0.65444 730 0.371869
0.65444 729 0.371932
0.65444 728 0.372178
0.65444 727 0.372866
0.65444 726 0.373374
0.65444 725 0.374063
0.65444 724 0.374341
0.65444 723 0.374371
0.65444 722 0.374583
0.65444 721 0.375975
0.65444 720 0.376047
0.65444 719 0.376115
0.65444 718 0.376334
0.65444 717 0.376397
0.65444 716 0.376528
0.65444 715 0.376574
0.65444 714 0.376682
0.65444 713 0.377282
0.65444 712 0.377506
0.65444 711 0.377645
0.65444 710 0.377674
0.65444 709 0.377799
0.65444 708 0.378108
0.65444 707 0.378304
0.65444 706 0.378402
0.65444 705 0.380498
0.65444 704 0.380639
0.65444 703 0.381008
0.65444 702 0.381591
0.65444 701 0.382109
0.65444 700 0.382298
0.65444 699 0.382725
0.65444 698 0.383416
0.65444 697 0.383543
0.65444 696 0.384334
0.65444 695 0.384546
0.65444 694 0.38538
0.65444 693 0.385488
0.65444 692 0.385608
0.65251 692 0.385764
0.65251 691 0.386165
0.65251 690 0.386434
0.65251 689 0.386553
0.65251 688 0.386563
0.65251 687 0.386564
0.65251 686 0.386924
0.65251 685 0.387062
0.65251 684 0.388905
0.65251 683 0.389019
0.65251 682 0.38909
0.65251 681 0.38985
0.65251 680 0.390484
0.65251 679 0.390657
0.65251 678 0.391105
0.65251 677 0.391524
0.65251 676 0.3916
0.65251 675 0.391877
0.65251 674 0.392414
0.65251 673 0.392533
0.65251 672 0.392961
0.65251 671 0.393215
0.65251 670 0.393339
0.65251 669 0.393383
0.65251 668 0.394474
0.65251 667 0.394759
0.65251 666 0.395526
0.65251 665 0.395893
0.65251 664 0.396021
0.65251 663 0.396142
0.65251 662 0.396372
0.65251 661 0.397532
0.65251 660 0.397934
0.65251 659 0.398038
0.65251 658 0.398182
0.65251 657 0.398399
0.65251 656 0.398718
0.65251 655 0.399433
0.65251 654 0.399716
0.65251 653 0.399922
0.65251 652 0.400123
0.65251 651 0.400563
0.650579 651 0.400639
0.650579 650 0.400719
0.650579 649 0.401049
0.650579 648 0.401232
0.650579 647 0.40167
0.650579 646 0.40283
0.650579 645 0.404542
0.650579 644 0.405554
0.650579 643 0.406331
0.650579 642 0.406764
0.650579 641 0.407104
0.648649 641 0.407364
0.648649 640 0.407417
0.648649 639 0.407483
0.648649 638 0.408361
0.648649 637 0.408615
0.648649 636 0.409039
0.648649 635 0.409123
0.648649 634 0.409189
0.648649 633 0.40995
0.648649 632 0.410347
0.648649 631 0.410643
0.648649 630 0.410717
0.648649 629 0.411315
0.648649 628 0.412107
0.648649 627 0.412427
0.648649 626 0.412786
0.648649 625 0.413154
0.648649 624 0.414153
0.648649 623 0.414616
0.648649 622 0.414618
0.648649 621 0.414892
0.648649 620 0.415061
0.648649 619 0.415295
0.648649 618 0.415892
0.648649 617 0.416103
0.648649 616 0.416155
0.648649 615 0.416661
0.648649 614 0.416857
0.648649 613 0.416902
0.648649 612 0.417186
0.648649 611 0.419399
0.646718 611 0.419547
0.646718 610 0.419991
0.646718 609 0.42011
0.646718 608 0.420528
0.646718 607 0.421069
0.646718 606 0.421457
0.646718 605 0.421606
0.646718 604 0.421651
0.646718 603 0.421826
0.646718 602 0.421858
0.646718 601 0.422823
0.646718 600 0.423169
0.646718 599 0.423426
0.646718 598 0.423644
0.646718 597 0.424137
0.646718 596 0.424296
0.646718 595 0.42479
0.646718 594 0.42486
0.646718 593 0.425173
0.646718 592 0.425357
0.646718 591 0.425553
0.646718 590 0.425712
0.646718 589 0.425919
0.646718 588 0.426226
0.646718 587 0.426416
0.646718 586 0.426583
0.646718 585 0.426887
0.646718 584 0.428136
0.646718 583 0.428312
0.646718 582 0.428521
0.646718 581 0.430151
0.646718 580 0.430428
0.646718 579 0.43051
0.646718 578 0.430638
0.646718 577 0.430824
0.646718 576 0.431345
0.646718 575 0.432372
0.646718 574 0.432443
0.646718 573 0.43253
0.646718 572 0.433219
0.646718 571 0.433754
0.646718 570 0.434266
0.646718 569 0.434341
0.646718 568 0.43573
0.646718 567 0.435863
0.646718 566 0.436191
0.646718 565 0.436369
0.646718 564 0.436495
0.646718 563 0.436809
0.646718 562 0.437938
0.646718 561 0.43797
0.646718 560 0.438336
0.646718 559 0.439068
0.646718 558 0.439706
0.646718 557 0.440447
0.646718 556 0.440696
0.646718 555 0.441623
0.646718 554 0.441724
0.646718 553 0.442887
0.646718 552 0.445018
0.646718 551 0.445788
0.646718 550 0.445874
0.646718 549 0.445934
0.646718 548 0.445992
0.646718 547 0.446049
0.646718 546 0.446447
0.646718 545 0.447424
0.646718 544 0.448193
0.646718 543 0.448545
0.646718 542 0.44992
0.646718 541 0.450092
0.646718 540 0.450138
0.646718 539 0.450278
0.646718 538 0.450392
0.646718 537 0.451244
0.646718 536 0.451377
0.646718 535 0.451789
0.646718 534 0.452677
0.646718 533 0.452999
0.646718 532 0.453001
0.646718 531 0.453411
0.644788 531 0.453433
0.644788 530 0.453723
0.644788 529 0.453825
0.644788 528 0.454348
0.644788 527 0.45435
0.644788 526 0.45477
0.644788 525 0.456321
0.644788 524 0.456819
0.644788 523 0.457091
0.644788 522 0.457202
0.644788 521 0.457888
0.644788 520 0.458163
0.644788 519 0.458632
0.644788 518 0.458866
0.644788 517 0.459148
0.644788 516 0.459442
0.644788 515 0.459643
0.644788 514 0.459872
0.644788 513 0.460927
0.644788 512 0.461632
0.644788 511 0.461678
0.644788 510 0.462011
0.644788 509 0.462772
0.644788 508 0.462812
0.644788 507 0.462968
0.644788 506 0.463131
0.644788 505 0.463988
0.642857 505 0.46403
0.642857 504 0.464156
0.642857 503 0.464458
0.642857 502 0.465438
0.642857 501 0.465461
0.642857 500 0.465559
0.642857 499 0.465661
0.642857 498 0.465919
0.640927 498 0.465952
0.640927 497 0.466123
0.640927 496 0.466303
0.640927 495 0.466821
0.640927 494 0.467738
0.640927 493 0.468152
0.640927 492 0.468189
0.640927 491 0.46868
0.640927 490 0.468774
0.640927 489 0.468783
0.640927 488 0.469185
0.640927 487 0.46966
0.640927 486 0.469806
0.640927 485 0.469848
0.640927 484 0.470698
0.640927 483 0.470822
0.640927 482 0.471109
0.640927 481 0.471437
0.640927 480 0.4717
0.640927 479 0.472685
0.640927 478 0.472704
0.640927 477 0.473684
0.640927 476 0.473999
0.640927 475 0.474439
0.640927 474 0.475484
0.640927 473 0.475526
0.638996 473 0.47656
0.637066 473 0.476825
0.637066 472 0.477034
0.637066 471 0.477048
0.637066 470 0.477471
0.637066 469 0.477562
0.637066 468 0.478169
0.637066 467 0.478403
0.637066 466 0.478824
0.637066 465 0.478885
0.635135 465 0.479842
0.635135 464 0.480014
0.635135 463 0.480506
0.635135 462 0.481592
0.635135 461 0.481652
0.635135 460 0.481729
0.635135 459 0.484433
0.633205 459 0.484471
0.633205 458 0.484762
0.633205 457 0.484913
0.633205 456 0.485092
0.633205 455 0.485668
0.631274 455 0.485994
0.631274 454 0.486346
0.631274 453 0.486388
0.631274 452 0.486548
0.631274 451 0.487201
0.631274 450 0.487468
0.631274 449 0.487927
0.631274 448 0.488419
0.631274 447 0.489509
0.631274 446 0.489636
0.631274 445 0.489884
0.631274 444 0.49022
0.631274 443 0.49049
0.631274 442 0.490651
0.631274 441 0.491328
0.631274 440 0.493006
0.631274 439 0.495709
0.631274 438 0.495751
0.631274 437 0.496218
0.631274 436 0.496351
0.631274 435 0.499477
0.631274 434 0.499595
0.631274 433 0.499681
0.631274 432 0.499918
0.629344 432 0.501288
0.629344 431 0.502352
0.629344 430 0.502633
0.629344 429 0.503165
0.629344 428 0.504228
0.629344 427 0.504894
0.629344 426 0.505834
0.629344 425 0.505991
0.629344 424 0.506066
0.629344 423 0.506162
0.629344 422 0.508807
0.629344 421 0.508921
0.629344 420 0.511015
0.629344 419 0.511642
0.629344 418 0.511983
0.629344 417 0.512177
0.629344 416 0.512342
0.627413 416 0.513275
0.627413 415 0.514253
0.627413 414 0.514378
0.627413 413 0.514703
0.627413 412 0.516072
0.627413 411 0.516339
0.627413 410 0.516483
0.627413 409 0.517034
0.627413 408 0.517644
0.627413 407 0.518235
0.627413 406 0.518631
0.627413 405 0.519237
0.627413 404 0.520044
0.627413 403 0.521526
0.627413 402 0.521542
0.627413 401 0.521912
0.627413 400 0.522286
0.627413 399 0.522475
0.627413 398 0.523491
0.627413 397 0.52367
0.627413 396 0.524186
0.627413 395 0.525099
0.627413 394 0.525152
0.627413 393 0.525194
0.627413 392 0.525919
0.627413 391 0.526957
0.627413 390 0.527756
0.627413 389 0.527914
0.627413 388 0.52832
0.627413 387 0.52924
0.627413 386 0.529593
0.627413 385 0.531121
0.627413 384 0.531252
0.627413 383 0.531857
0.627413 382 0.533008
0.627413 381 0.534348
0.627413 380 0.534372
0.627413 379 0.534975
0.627413 378 0.535461
0.627413 377 0.535785
0.627413 376 0.53786
0.627413 375 0.538043
0.625483 375 0.538804
0.625483 374 0.539025
0.625483 373 0.540144
0.625483 372 0.541265
0.625483 371 0.541578
0.625483 370 0.542765
0.625483 369 0.542952
0.623552 369 0.543121
0.623552 368 0.543409
0.623552 367 0.543666
0.623552 366 0.544789
0.623552 365 0.545143
0.621622 365 0.545754
0.621622 364 0.545951
0.619691 364 0.546168
0.619691 363 0.546546
0.619691 362 0.546985
0.619691 361 0.547097
0.619691 360 0.548422
0.619691 359 0.549841
0.619691 358 0.55127
0.619691 357 0.553886
0.617761 357 0.554843
0.617761 356 0.555363
0.617761 355 0.555836
0.617761 354 0.556753
0.617761 353 0.557214
0.617761 352 0.557795
0.61583 352 0.558324
0.61583 351 0.561152
0.61583 350 0.561299
0.61583 349 0.562884
0.61583 348 0.5629
0.61583 347 0.563385
0.61583 346 0.564196
0.6139 346 0.564371
0.611969 346 0.564518
0.611969 345 0.565173
0.611969 344 0.565533
0.611969 343 0.56559
0.611969 342 0.565747
0.611969 341 0.566079
0.611969 340 0.566493
0.611969 339 0.566721
0.611969 338 0.567601
0.611969 337 0.567903
0.611969 336 0.569136
0.611969 335 0.569788
0.611969 334 0.57009
0.611969 333 0.570269
0.611969 332 0.570583
0.611969 331 0.570651
0.611969 330 0.570856
0.611969 329 0.571966
0.611969 328 0.572526
0.611969 327 0.572665
0.611969 326 0.574436
0.611969 325 0.574601
0.611969 324 0.577119
0.611969 323 0.57718
0.611969 322 0.577953
0.610039 322 0.577995
0.610039 321 0.578746
0.610039 320 0.580532
0.610039 319 0.580583
0.610039 318 0.580675
0.610039 317 0.580982
0.610039 316 0.581344
0.610039 315 0.581636
0.610039 314 0.582275
0.610039 313 0.583736
0.610039 312 0.584903
0.610039 311 0.584947
0.610039 310 0.585881
0.610039 309 0.586863
0.610039 308 0.58992
0.608108 308 0.591216
0.608108 307 0.594972
0.608108 306 0.595265
0.608108 305 0.596305
0.606178 305 0.596306
0.606178 304 0.597059
0.606178 303 0.597246
0.606178 302 0.597979
0.606178 301 0.598865
0.606178 300 0.599
0.606178 299 0.599713
0.606178 298 0.599739
0.606178 297 0.5998
0.606178 296 0.600491
0.606178 295 0.600855
0.606178 294 0.601635
0.604247 294 0.601962
0.604247 293 0.602788
0.604247 292 0.603623
0.602317 292 0.60399
0.600386 292 0.604676
0.600386 291 0.604738
0.600386 290 0.605126
0.600386 289 0.606557
0.600386 288 0.607377
0.598456 288 0.607444
0.598456 287 0.607837
0.596525 287 0.610389
0.596525 286 0.610455
0.596525 285 0.611358
0.594595 285 0.611359
0.594595 284 0.611574
0.594595 283 0.611809
0.594595 282 0.612848
0.594595 281 0.613027
0.592664 281 0.613329
0.592664 280 0.614022
0.592664 279 0.614419
0.592664 278 0.614632
0.592664 277 0.61562
0.592664 276 0.616564
0.592664 275 0.616706
0.592664 274 0.617281
0.592664 273 0.617478
0.592664 272 0.618103
0.592664 271 0.618149
0.592664 270 0.619027
0.592664 269 0.619087
0.592664 268 0.619138
0.592664 267 0.620995
0.592664 266 0.622725
0.590734 266 0.622879
0.590734 265 0.624135
0.588803 265 0.624611
0.588803 264 0.625033
0.588803 263 0.625742
0.588803 262 0.626016
0.588803 261 0.628116
0.588803 260 0.628667
0.588803 259 0.630483
0.586873 259 0.630698
0.586873 258 0.631636
0.586873 257 0.632578
0.586873 256 0.634812
0.586873 255 0.634864
0.586873 254 0.635093
0.586873 253 0.63757
0.584942 253 0.638012
0.584942 252 0.639214
0.583012 252 0.639252
0.583012 251 0.639486
0.581081 251 0.639994
0.581081 250 0.640208
0.581081 249 0.640436
0.581081 248 0.642943
0.579151 248 0.643515
0.579151 247 0.644434
0.579151 246 0.64463
0.579151 245 0.646023
0.579151 244 0.646544
0.579151 243 0.649917
0.579151 242 0.650156
0.579151 241 0.650541
0.579151 240 0.650661
0.579151 239 0.650823
0.579151 238 0.651351
0.579151 237 0.651482
0.579151 236 0.65186
0.579151 235 0.651865
0.57722 235 0.652191
0.57722 234 0.653611
0.57722 233 0.654542
0.57722 232 0.655316
0.57722 231 0.655496
0.57529 231 0.656986
0.57529 230 0.657488
0.57529 229 0.657677
0.57529 228 0.657906
0.57529 227 0.65796
0.57529 226 0.659379
0.57529 225 0.661203
0.573359 225 0.661884
0.573359 224 0.662689
0.571429 224 0.66336
0.571429 223 0.663409
0.569498 223 0.665438
0.569498 222 0.665512
0.569498 221 0.665681
0.569498 220 0.666626
0.569498 219 0.668903
0.569498 218 0.669315
0.569498 217 0.670885
0.569498 216 0.672102
0.569498 215 0.672116
0.569498 214 0.672372
0.567568 214 0.673064
0.565637 214 0.673346
0.565637 213 0.674042
0.565637 212 0.674822
0.565637 211 0.67523
0.565637 210 0.676666
0.565637 209 0.676991
0.565637 208 0.677088
0.565637 207 0.67775
0.565637 206 0.677949
0.565637 205 0.678523
0.565637 204 0.679543
0.565637 203 0.680084
0.565637 202 0.680514
0.563707 202 0.681657
0.563707 201 0.685484
0.563707 200 0.685571
0.563707 199 0.685786
0.563707 198 0.68606
0.561776 198 0.686796
0.561776 197 0.686833
0.561776 196 0.690702
0.559846 196 0.690895
0.559846 195 0.69151
0.559846 194 0.69175
0.559846 193 0.692296
0.559846 192 0.692742
0.559846 191 0.693609
0.559846 190 0.694485
0.559846 189 0.694811
0.559846 188 0.695305
0.559846 187 0.695473
0.559846 186 0.695851
0.557915 186 0.697718
0.557915 185 0.698488
0.557915 184 0.699066
0.557915 183 0.699951
0.557915 182 0.700892
0.555985 182 0.701176
0.554054 182 0.701439
0.554054 181 0.70157
0.552124 181 0.706183
0.552124 180 0.707504
0.550193 180 0.707856
0.548263 180 0.70904
0.546332 180 0.709454
0.546332 179 0.709639
0.544402 179 0.710035
0.544402 178 0.710186
0.544402 177 0.710392
0.544402 176 0.711381
0.544402 175 0.711578
0.544402 174 0.712782
0.542471 174 0.713144
0.542471 173 0.713252
0.542471 172 0.713723
0.542471 171 0.71504
0.542471 170 0.716021
0.542471 169 0.716979
0.542471 168 0.718971
0.542471 167 0.71951
0.542471 166 0.720642
0.542471 165 0.720806
0.542471 164 0.721508
0.542471 163 0.722296
0.542471 162 0.722747
0.540541 162 0.723563
0.540541 161 0.725409
0.540541 160 0.726083
0.540541 159 0.727885
0.540541 158 0.729671
0.540541 157 0.729705
0.540541 156 0.729706
0.540541 155 0.729723
0.53861 155 0.729923
0.53668 155 0.730547
0.534749 155 0.731025
0.534749 154 0.732521
0.532819 154 0.732745
0.532819 153 0.737228
0.532819 152 0.738373
0.532819 151 0.738467
0.532819 150 0.739057
0.530888 150 0.73979
0.530888 149 0.740238
0.530888 148 0.741193
0.528958 148 0.742367
0.528958 147 0.742761
0.527027 147 0.742837
0.527027 146 0.744349
0.527027 145 0.744682
0.527027 144 0.745024
0.525097 144 0.745935
0.523166 144 0.746132
0.523166 143 0.746638
0.521236 143 0.746968
0.521236 142 0.748243
0.521236 141 0.749346
0.519305 141 0.751943
0.517375 141 0.752772
0.517375 140 0.752921
0.515444 140 0.755757
0.513514 140 0.756096
0.511583 140 0.759274
0.509653 140 0.760943
0.509653 139 0.762557
0.507722 139 0.768279
0.507722 138 0.768912
0.505792 138 0.774705
0.503861 138 0.775185
0.503861 137 0.775232
0.503861 136 0.77635
0.503861 135 0.776614
0.503861 134 0.77667
0.501931 134 0.776737
0.501931 133 0.777598
0.501931 132 0.779622
0.501931 131 0.779688
0.5 131 0.780741
0.498069 131 0.782297
0.498069 130 0.782601
0.498069 129 0.782945
0.498069 128 0.783803
0.498069 127 0.784404
0.498069 126 0.786528
0.498069 125 0.786848
0.496139 125 0.786941
0.494208 125 0.787532
0.494208 124 0.787658
0.492278 124 0.788091
0.492278 123 0.788763
0.492278 122 0.788847
0.492278 121 0.788855
0.490347 121 0.789571
0.488417 121 0.790428
0.486486 121 0.790449
0.486486 120 0.792258
0.486486 119 0.793776
0.484556 119 0.795111
0.482625 119 0.795285
0.480695 119 0.795594
0.478764 119 0.796188
0.476834 119 0.796544
0.474903 119 0.797607
0.474903 118 0.797782
0.474903 117 0.798644
0.472973 117 0.79943
0.472973 116 0.800007
0.472973 115 0.800578
0.472973 114 0.80109
0.472973 113 0.801214
0.472973 112 0.801371
0.471042 112 0.801896
0.471042 111 0.802484
0.471042 110 0.802709
0.471042 109 0.803856
0.471042 108 0.806686
0.471042 107 0.806936
0.471042 106 0.807403
0.469112 106 0.807622
0.467181 106 0.808257
0.465251 106 0.808746
0.465251 105 0.80914
0.465251 104 0.809562
0.465251 103 0.810027
0.46332 103 0.810089
0.46332 102 0.810404
0.46332 101 0.811556
0.46332 100 0.811574
0.46139 100 0.813551
0.46139 99 0.814444
0.459459 99 0.815906
0.459459 98 0.816695
0.459459 97 0.816792
0.457529 97 0.81822
0.457529 96 0.819642
0.457529 95 0.820064
0.455598 95 0.821287
0.455598 94 0.821951
0.455598 93 0.822492
0.455598 92 0.824368
0.455598 91 0.82437
0.455598 90 0.824807
0.455598 89 0.824947
0.455598 88 0.825444
0.453668 88 0.825457
0.453668 87 0.8256
0.453668 86 0.826116
0.451737 86 0.826497
0.451737 85 0.827586
0.451737 84 0.827721
0.449807 84 0.827837
0.447876 84 0.828039
0.447876 83 0.829375
0.445946 83 0.831861
0.445946 82 0.832627
0.444015 82 0.835425
0.442085 82 0.838005
0.440154 82 0.838163
0.438224 82 0.83862
0.436293 82 0.838664
0.436293 81 0.838884
0.436293 80 0.840497
0.436293 79 0.840624
0.436293 78 0.841418
0.436293 77 0.843758
0.436293 76 0.845115
0.434363 76 0.845226
0.432432 76 0.846298
0.432432 75 0.846547
0.430502 75 0.848071
0.430502 74 0.848085
0.430502 73 0.849147
0.430502 72 0.851045
0.428571 72 0.853524
0.428571 71 0.854794
0.428571 70 0.856712
0.426641 70 0.857255
0.42471 70 0.858291
0.42278 70 0.858914
0.42278 69 0.860562
0.42278 68 0.861821
0.420849 68 0.861935
0.418919 68 0.864121
0.416988 68 0.864265
0.416988 67 0.86454
0.415058 67 0.865792
0.415058 66 0.866296
0.415058 65 0.866503
0.415058 64 0.866593
0.415058 63 0.866685
0.415058 62 0.86705
0.415058 61 0.867618
0.415058 60 0.86857
0.415058 59 0.872451
0.415058 58 0.873515
0.415058 57 0.874018
0.415058 56 0.874021
0.413127 56 0.874825
0.413127 55 0.875245
0.413127 54 0.878859
0.413127 53 0.882666
0.411197 53 0.882831
0.409266 53 0.883091
0.409266 52 0.883582
0.407336 52 0.884124
0.405405 52 0.884352
0.405405 51 0.885292
0.405405 50 0.890014
0.405405 49 0.891378
0.403475 49 0.891932
0.403475 48 0.893972
0.401544 48 0.894625
0.401544 47 0.894835
0.401544 46 0.895474
0.399614 46 0.896815
0.399614 45 0.898828
0.397683 45 0.899152
0.395753 45 0.899362
0.393822 45 0.899914
0.393822 44 0.900752
0.391892 44 0.900893
0.391892 43 0.901333
0.389961 43 0.901763
0.388031 43 0.902277
0.3861 43 0.902566
0.3861 42 0.903244
0.38417 42 0.905017
0.382239 42 0.90509
0.380309 42 0.906169
0.378378 42 0.906341
0.378378 41 0.907407
0.378378 40 0.909648
0.378378 39 0.909975
0.376448 39 0.910869
0.374517 39 0.911507
0.372587 39 0.913126
0.370656 39 0.913611
0.368726 39 0.913901
0.368726 38 0.914428
0.366795 38 0.916826
0.364865 38 0.916919
0.362934 38 0.917493
0.362934 37 0.918883
0.361004 37 0.91952
0.361004 36 0.919751
0.359073 36 0.919915
0.357143 36 0.920097
0.357143 35 0.92042
0.355212 35 0.922898
0.355212 34 0.923222
0.353282 34 0.924866
0.353282 33 0.926089
0.351351 33 0.926225
0.349421 33 0.927362
0.349421 32 0.927479
0.34749 32 0.927516
0.34556 32 0.92798
0.343629 32 0.930787
0.341699 32 0.930811
0.341699 31 0.933588
0.339768 31 0.933875
0.337838 31 0.934537
0.335907 31 0.935302
0.333977 31 0.936185
0.332046 31 0.9368
0.330116 31 0.938307
0.328185 31 0.938648
0.326255 31 0.939137
0.324324 31 0.940486
0.322394 31 0.94061
0.322394 30 0.941756
0.322394 29 0.941795
0.322394 28 0.942102
0.322394 27 0.942454
0.320463 27 0.94279
0.318533 27 0.943101
0.318533 26 0.945529
0.318533 25 0.946979
0.316602 25 0.947468
0.314672 25 0.947867
0.314672 24 0.948464
0.312741 24 0.948624
0.312741 23 0.949345
0.310811 23 0.949393
0.310811 22 0.949957
0.30888 22 0.950633
0.30695 22 0.954961
0.305019 22 0.955023
0.303089 22 0.956294
0.301158 22 0.956831
0.301158 21 0.958719
0.299228 21 0.959061
0.297297 21 0.959583
0.297297 20 0.960273
0.295367 20 0.961443
0.293436 20 0.962268
0.293436 19 0.962463
0.291506 19 0.963219
0.289575 19 0.963393
0.287645 19 0.963648
0.285714 19 0.964178
0.283784 19 0.965271
0.281853 19 0.965628
0.281853 18 0.967342
0.279923 18 0.967558
0.279923 17 0.968931
0.277992 17 0.969344
0.276062 17 0.969886
0.274131 17 0.969954
0.274131 16 0.970487
0.272201 16 0.970504
0.27027 16 0.971376
0.26834 16 0.972241
0.266409 16 0.974799
0.264479 16 0.975549
0.262548 16 0.975594
0.260618 16 0.976296
0.258687 16 0.977433
0.258687 15 0.977471
0.256757 15 0.977815
0.256757 14 0.977997
0.254826 14 0.97965
0.252896 14 0.979696
0.250965 14 0.980277
0.250965 13 0.980427
0.249035 13 0.980985
0.247104 13 0.981382
0.245174 13 0.982641
0.245174 12 0.983044
0.243243 12 0.983716
0.241313 12 0.984161
0.241313 11 0.984744
0.239382 11 0.98482
0.237452 11 0.984897
0.235521 11 0.985144
0.233591 11 0.98528
0.23166 11 0.986482
0.22973 11 0.986508
0.227799 11 0.986984
0.225869 11 0.987348
0.223938 11 0.988066
0.223938 10 0.98812
0.222008 10 0.988723
0.222008 9 0.988879
0.220077 9 0.988973
0.218147 9 0.989008
0.216216 9 0.989401
0.214286 9 0.989575
0.212355 9 0.990819
0.210425 9 0.990976
0.208494 9 0.99109
0.206564 9 0.991205
0.204633 9 0.991566
0.202703 9 0.991699
0.202703 8 0.991843
0.200772 8 0.991876
0.198842 8 0.9919
0.196911 8 0.992398
0.196911 7 0.992536
0.194981 7 0.993106
0.19305 7 0.993147
0.19112 7 0.993246
0.189189 7 0.993272
0.187259 7 0.993276
0.185328 7 0.993706
0.183398 7 0.99373
0.181467 7 0.993911
0.179537 7 0.993927
0.177606 7 0.994256
0.175676 7 0.9943
0.173745 7 0.994325
0.171815 7 0.99435
0.169884 7 0.994395
0.169884 6 0.994635
0.169884 5 0.994819
0.167954 5 0.994884
0.166023 5 0.994984
0.166023 4 0.995288
0.164093 4 0.995434
0.162162 4 0.995486
0.160232 4 0.995645
0.158301 4 0.995728
0.156371 4 0.995771
0.156371 3 0.99606
0.156371 2 0.99613
0.15444 2 0.996249
0.15251 2 0.996441
0.150579 2 0.996538
0.148649 2 0.99715
0.146718 2 0.99727
0.144788 2 0.997382
0.142857 2 0.997395
0.140927 2 0.997503
0.138996 2 0.997868
0.137066 2 0.99797
0.135135 2 0.998033
0.133205 2 0.998061
0.131274 2 0.998095
0.129344 2 0.998102
0.127413 2 0.998129
0.125483 2 0.998286
0.123552 2 0.998372
0.123552 1 0.998403
0.121622 1 0.998481
0.119691 1 0.998568
0.117761 1 0.998684
0.117761 0 0.998693
0.11583 0 0.998761
0.1139 0 0.998883
0.111969 0 0.998911
0.110039 0 0.998971
0.108108 0 0.999012
0.106178 0 0.999057
0.104247 0 0.999127
0.102317 0 0.999183
0.100386 0 0.999212
0.0984556 0 0.999271
0.0965251 0 0.999278
0.0945946 0 0.999323
0.0926641 0 0.999348
0.0907336 0 0.999386
0.0888031 0 0.999387
0.0868726 0 0.999411
0.0849421 0 0.999451
0.0830116 0 0.999476
0.0810811 0 0.999521
0.0772201 0 0.999525
0.0752896 0 0.999532
0.0733591 0 0.999554
0.0714286 0 0.999604
0.0694981 0 0.999724
0.0675676 0 0.999748
0.0656371 0 0.999777
0.0637066 0 0.99981
0.0617761 0 0.999814
0.0598456 0 0.999816
0.0579151 0 0.999819
0.0559846 0 0.99984
0.0540541 0 0.999844
0.0521236 0 0.999855
0.0501931 0 0.999883
0.0482625 0 0.999889
0.046332 0 0.999902
0.0444015 0 0.999915
0.042471 0 0.999916
0.0405405 0 0.999921
0.03861 0 0.999932
0.0366795 0 0.999941
0.034749 0 0.999943
0.0328185 0 0.999952
0.030888 0 0.999953
0.0289575 0 0.999956
0.027027 0 0.999964
0.023166 0 0.999976
0.0212355 0 0.999979
0.019305 0 0.999981
0.0173745 0 0.999988
0.015444 0 0.999992
0.011583 0 0.999994
0.00965251 0 0.999995
0.00579151 0 0.999999
0.0019305 0 1
