0.735409 933 0.300371
0.735409 932 0.300559
0.735409 931 0.300648
0.735409 930 0.300961
0.735409 929 0.301058
0.735409 928 0.301289
0.735409 927 0.301436
0.735409 926 0.301716
0.735409 925 0.301923
0.735409 924 0.302093
0.735409 923 0.302158
0.735409 922 0.302359
0.735409 921 0.3026
0.735409 920 0.30273
0.735409 919 0.302894
0.735409 918 0.303045
0.735409 917 0.303424
0.735409 916 0.303433
0.735409 915 0.303549
0.735409 914 0.303631
0.735409 913 0.304016
0.735409 912 0.305162
0.735409 911 0.305736
0.735409 910 0.305747
0.735409 909 0.3062
0.735409 908 0.306209
0.735409 907 0.306673
0.735409 906 0.306905
0.735409 905 0.306972
0.733463 905 0.307082
0.733463 904 0.307162
0.733463 903 0.30759
0.733463 902 0.307772
0.733463 901 0.307804
0.733463 900 0.307865
0.733463 899 0.307956
0.733463 898 0.30798
0.733463 897 0.308566
0.733463 896 0.308594
0.733463 895 0.30884
0.733463 894 0.308954
0.733463 893 0.308988
0.733463 892 0.309176
0.733463 891 0.309184
0.733463 890 0.309831
0.733463 889 0.310048
0.733463 888 0.310351
0.733463 887 0.310569
0.733463 886 0.310741
0.733463 885 0.311013
0.733463 884 0.311251
0.733463 883 0.311602
0.733463 882 0.311821
0.733463 881 0.31225
0.733463 880 0.31238
0.733463 879 0.312669
0.733463 878 0.312741
0.733463 877 0.31277
0.733463 876 0.312872
0.733463 875 0.313224
0.733463 874 0.313606
0.733463 873 0.314051
0.733463 872 0.314305
0.733463 871 0.314704
0.733463 870 0.315004
0.733463 869 0.315107
0.733463 868 0.315484
0.733463 867 0.315762
0.731518 867 0.316035
0.731518 866 0.316103
0.731518 865 0.316346
0.731518 864 0.317264
0.731518 863 0.317394
0.731518 862 0.317915
0.731518 861 0.317985
0.731518 860 0.318547
0.731518 859 0.318732
0.731518 858 0.319178
0.731518 857 0.319346
0.731518 856 0.319902
0.731518 855 0.320125
0.731518 854 0.320471
0.731518 853 0.320564
0.731518 852 0.320625
0.731518 851 0.320713
0.731518 850 0.321142
0.731518 849 0.32198
0.731518 848 0.322539
0.731518 847 0.322602
0.731518 846 0.322653
0.731518 845 0.322661
0.731518 844 0.32289
0.731518 843 0.322894
0.731518 842 0.322931
0.731518 841 0.322966
0.731518 840 0.32298
0.731518 839 0.323223
0.731518 838 0.323387
0.731518 837 0.324119
0.731518 836 0.324164
0.731518 835 0.325053
0.731518 834 0.325197
0.731518 833 0.325242
0.731518 832 0.326007
0.731518 831 0.326826
0.731518 830 0.327209
0.731518 829 0.327485
0.731518 828 0.327942
0.731518 827 0.327962
0.731518 826 0.328036
0.731518 825 0.329251
0.731518 824 0.329879
0.729572 824 0.330007
0.729572 823 0.330884
0.729572 822 0.331067
0.729572 821 0.331484
0.729572 820 0.331559
0.729572 819 0.332266
0.729572 818 0.332491
0.729572 817 0.332935
0.729572 816 0.33319
0.729572 815 0.333477
0.729572 814 0.333554
0.729572 813 0.333652
0.729572 812 0.333711
0.729572 811 0.333945
0.729572 810 0.334618
0.729572 809 0.334765
0.729572 808 0.334903
0.729572 807 0.335072
0.729572 806 0.335117
0.729572 805 0.335292
0.729572 804 0.335918
0.729572 803 0.336364
0.729572 802 0.336445
0.729572 801 0.336543
0.729572 800 0.336684
0.729572 799 0.337133
0.729572 798 0.337545
0.729572 797 0.338015
0.729572 796 0.3385
0.729572 795 0.33873
0.729572 794 0.339026
0.729572 793 0.339107
0.729572 792 0.339957
0.729572 791 0.340215
0.729572 790 0.34051
0.729572 789 0.340702
0.729572 788 0.341311
0.729572 787 0.341507
0.729572 786 0.341834
0.729572 785 0.341847
0.729572 784 0.341864
0.729572 783 0.341963
0.729572 782 0.342102
0.729572 781 0.342261
0.729572 780 0.343185
0.729572 779 0.343277
0.729572 778 0.3433
0.729572 777 0.343317
0.729572 776 0.343406
0.729572 775 0.343576
0.729572 774 0.343723
0.729572 773 0.344017
0.729572 772 0.34408
0.729572 771 0.344244
0.729572 770 0.345783
0.729572 769 0.345895
0.729572 768 0.345923
0.729572 767 0.346044
0.729572 766 0.346402
0.729572 765 0.346771
0.729572 764 0.346781
0.727626 764 0.346954
0.727626 763 0.347379
0.727626 762 0.347428
0.727626 761 0.347526
0.727626 760 0.348498
0.727626 759 0.348656
0.727626 758 0.348892
0.727626 757 0.348894
0.727626 756 0.348998
0.727626 755 0.349003
0.727626 754 0.349219
0.727626 753 0.349541
0.727626 752 0.350031
0.727626 751 0.35009
0.727626 750 0.350435
0.727626 749 0.350487
0.727626 748 0.350662
0.727626 747 0.350752
0.727626 746 0.35088
0.727626 745 0.351359
0.727626 744 0.351838
0.727626 743 0.35253
0.727626 742 0.352587
0.727626 741 0.353042
0.727626 740 0.355027
0.727626 739 0.355096
0.727626 738 0.355699
0.727626 737 0.355966
0.727626 736 0.356189
0.727626 735 0.356305
0.727626 734 0.357215
0.727626 733 0.357331
0.727626 732 0.357776
0.727626 731 0.358027
0.727626 730 0.358752
0.727626 729 0.358907
0.727626 728 0.358974
0.727626 727 0.359261
0.727626 726 0.359479
0.727626 725 0.360106
0.727626 724 0.360427
0.727626 723 0.36164
0.727626 722 0.362021
0.727626 721 0.362801
0.727626 720 0.363047
0.727626 719 0.364141
0.727626 718 0.365696
0.727626 717 0.36578
0.727626 716 0.36596
0.727626 715 0.366222
0.727626 714 0.366663
0.727626 713 0.367333
0.727626 712 0.367439
0.727626 711 0.367631
0.727626 710 0.367738
0.727626 709 0.367861
0.727626 708 0.369343
0.727626 707 0.369392
0.727626 706 0.369957
0.727626 705 0.370183
0.727626 704 0.370476
0.727626 703 0.370712
0.727626 702 0.37073
0.727626 701 0.371341
0.727626 700 0.371558
0.727626 699 0.372122
0.727626 698 0.37297
0.727626 697 0.372972
0.727626 696 0.373591
0.727626 695 0.373612
0.727626 694 0.373698
0.727626 693 0.373975
0.727626 692 0.374052
0.727626 691 0.374094
0.727626 690 0.374165
0.727626 689 0.375063
0.727626 688 0.37565
0.727626 687 0.37604
0.727626 686 0.376067
0.727626 685 0.376081
0.727626 684 0.376671
0.727626 683 0.377013
0.727626 682 0.377181
0.727626 681 0.377211
0.727626 680 0.377954
0.727626 679 0.378639
0.727626 678 0.378858
0.727626 677 0.378963
0.727626 676 0.378975
0.727626 675 0.379056
0.727626 674 0.379509
0.727626 673 0.379561
0.727626 672 0.379611
0.727626 671 0.379686
0.727626 670 0.380047
0.727626 669 0.381173
0.727626 668 0.381534
0.727626 667 0.381696
0.727626 666 0.381883
0.727626 665 0.381914
0.727626 664 0.382187
0.727626 663 0.382449
0.727626 662 0.382966
0.727626 661 0.383097
0.727626 660 0.383395
0.727626 659 0.383664
0.727626 658 0.383991
0.727626 657 0.384756
0.727626 656 0.38502
0.727626 655 0.385818
0.727626 654 0.386642
0.727626 653 0.387422
0.727626 652 0.387617
0.727626 651 0.388774
0.727626 650 0.388871
0.727626 649 0.389387
0.727626 648 0.389639
0.727626 647 0.389857
0.727626 646 0.390047
0.727626 645 0.390798
0.727626 644 0.390902
0.727626 643 0.391632
0.727626 642 0.391851
0.727626 641 0.392157
0.727626 640 0.392219
0.727626 639 0.392695
0.727626 638 0.393641
0.727626 637 0.394108
0.727626 636 0.394337
0.727626 635 0.394597
0.727626 634 0.394598
0.727626 633 0.394862
0.727626 632 0.395542
0.727626 631 0.396001
0.727626 630 0.396044
0.727626 629 0.396249
0.727626 628 0.396451
0.727626 627 0.396758
0.727626 626 0.3969
0.727626 625 0.397001
0.727626 624 0.397404
0.727626 623 0.397484
0.727626 622 0.398724
0.727626 621 0.399162
0.727626 620 0.399332
0.727626 619 0.399838
0.727626 618 0.400087
0.727626 617 0.400153
0.727626 616 0.400667
0.727626 615 0.401359
0.727626 614 0.401426
0.727626 613 0.401442
0.727626 612 0.401813
0.727626 611 0.402196
0.727626 610 0.402407
0.727626 609 0.402972
0.727626 608 0.403084
0.727626 607 0.403975
0.727626 606 0.40471
0.727626 605 0.404847
0.727626 604 0.404929
0.727626 603 0.405086
0.727626 602 0.405113
0.725681 602 0.405555
0.725681 601 0.405771
0.725681 600 0.406138
0.725681 599 0.406206
0.725681 598 0.406923
0.725681 597 0.407227
0.725681 596 0.407675
0.725681 595 0.40933
0.725681 594 0.411648
0.723735 594 0.412696
0.723735 593 0.412708
0.723735 592 0.412867
0.723735 591 0.413725
0.723735 590 0.414025
0.723735 589 0.414052
0.723735 588 0.414337
0.723735 587 0.41457
0.72179 587 0.414611
0.72179 586 0.414886
0.72179 585 0.415413
0.72179 584 0.415997
0.72179 583 0.416404
0.72179 582 0.416886
0.72179 581 0.417726
0.72179 580 0.417747
0.72179 579 0.418531
0.72179 578 0.41878
0.72179 577 0.419622
0.72179 576 0.420276
0.72179 575 0.422451
0.72179 574 0.422889
0.72179 573 0.423324
0.72179 572 0.423792
0.72179 571 0.424393
0.72179 570 0.424492
0.72179 569 0.424874
0.72179 568 0.425363
0.72179 567 0.425939
0.72179 566 0.4262
0.72179 565 0.426381
0.72179 564 0.426728
0.72179 563 0.427034
0.72179 562 0.427259
0.72179 561 0.427824
0.72179 560 0.427983
0.72179 559 0.429994
0.72179 558 0.430273
0.72179 557 0.430991
0.72179 556 0.431065
0.72179 555 0.431252
0.72179 554 0.432584
0.719844 554 0.433162
0.719844 553 0.433913
0.719844 552 0.434452
0.719844 551 0.434724
0.719844 550 0.434959
0.719844 549 0.435667
0.719844 548 0.436269
0.719844 547 0.436351
0.719844 546 0.436915
0.719844 545 0.437323
0.719844 544 0.437736
0.719844 543 0.438349
0.719844 542 0.438407
0.719844 541 0.438504
0.717899 541 0.44024
0.717899 540 0.440254
0.717899 539 0.440412
0.717899 538 0.441073
0.717899 537 0.441233
0.717899 536 0.441248
0.717899 535 0.442892
0.717899 534 0.443038
0.717899 533 0.443902
0.717899 532 0.444336
0.717899 531 0.444976
0.717899 530 0.445661
0.717899 529 0.445825
0.715953 529 0.446093
0.715953 528 0.446177
0.715953 527 0.446178
0.715953 526 0.446979
0.715953 525 0.447237
0.715953 524 0.447469
0.715953 523 0.447929
0.715953 522 0.448371
0.715953 521 0.448786
0.715953 520 0.448898
0.715953 519 0.450678
0.715953 518 0.451354
0.715953 517 0.452097
0.715953 516 0.452729
0.715953 515 0.452761
0.715953 514 0.453706
0.715953 513 0.453799
0.715953 512 0.453923
0.715953 511 0.454398
0.715953 510 0.455023
0.715953 509 0.455193
0.714008 509 0.45549
0.714008 508 0.456011
0.714008 507 0.457033
0.714008 506 0.458005
0.714008 505 0.459238
0.714008 504 0.459291
0.714008 503 0.459298
0.714008 502 0.459453
0.714008 501 0.459623
0.714008 500 0.460179
0.714008 499 0.460399
0.714008 498 0.460401
0.714008 497 0.460793
0.714008 496 0.461047
0.714008 495 0.461747
0.714008 494 0.461812
0.714008 493 0.462488
0.714008 492 0.462979
0.714008 491 0.464192
0.714008 490 0.464497
0.714008 489 0.465411
0.714008 488 0.465984
0.714008 487 0.467615
0.714008 486 0.467935
0.714008 485 0.468026
0.712062 485 0.46854
0.712062 484 0.46953
0.710117 484 0.469631
0.710117 483 0.469839
0.710117 482 0.470902
0.710117 481 0.471049
0.710117 480 0.471083
0.710117 479 0.471159
0.710117 478 0.474431
0.710117 477 0.474721
0.710117 476 0.47538
0.710117 475 0.475904
0.708171 475 0.476675
0.708171 474 0.476763
0.708171 473 0.476867
0.708171 472 0.476942
0.708171 471 0.47717
0.708171 470 0.478079
0.708171 469 0.478287
0.708171 468 0.478366
0.708171 467 0.478848
0.708171 466 0.479447
0.708171 465 0.479794
0.708171 464 0.479828
0.708171 463 0.479925
0.708171 462 0.481675
0.708171 461 0.48261
0.708171 460 0.482844
0.708171 459 0.483163
0.706226 459 0.483188
0.706226 458 0.483304
0.706226 457 0.48347
0.706226 456 0.483492
0.706226 455 0.485396
0.706226 454 0.485555
0.706226 453 0.486331
0.706226 452 0.486542
0.706226 451 0.486552
0.706226 450 0.486873
0.706226 449 0.48769
0.706226 448 0.488082
0.706226 447 0.488333
0.706226 446 0.488717
0.706226 445 0.488883
0.706226 444 0.489879
0.706226 443 0.489925
0.706226 442 0.491191
0.706226 441 0.491567
0.70428 441 0.491688
0.70428 440 0.492489
0.70428 439 0.492611
0.70428 438 0.492912
0.70428 437 0.493449
0.702335 437 0.493721
0.702335 436 0.493856
0.702335 435 0.494577
0.702335 434 0.494631
0.702335 433 0.494678
0.702335 432 0.495782
0.702335 431 0.496003
0.702335 430 0.496074
0.702335 429 0.496287
0.702335 428 0.496385
0.702335 427 0.49727
0.702335 426 0.497431
0.702335 425 0.498637
0.702335 424 0.499559
0.702335 423 0.499849
0.702335 422 0.501057
0.702335 421 0.501517
0.702335 420 0.501909
0.702335 419 0.502014
0.702335 418 0.502288
0.702335 417 0.503104
0.702335 416 0.503143
0.702335 415 0.504168
0.702335 414 0.504405
0.702335 413 0.504998
0.702335 412 0.505641
0.702335 411 0.506488
0.702335 410 0.507391
0.702335 409 0.507921
0.702335 408 0.508635
0.702335 407 0.508774
0.702335 406 0.509182
0.702335 405 0.510387
0.702335 404 0.510727
0.702335 403 0.510876
0.702335 402 0.511464
0.702335 401 0.511736
0.702335 400 0.513206
0.702335 399 0.513979
0.702335 398 0.51536
0.702335 397 0.515435
0.702335 396 0.515607
0.702335 395 0.516121
0.702335 394 0.516186
0.702335 393 0.517466
0.702335 392 0.517927
0.702335 391 0.518002
0.702335 390 0.518341
0.702335 389 0.518374
0.702335 388 0.518869
0.702335 387 0.518898
0.702335 386 0.519176
0.702335 385 0.520135
0.700389 385 0.520356
0.700389 384 0.520405
0.700389 383 0.521224
0.700389 382 0.521234
0.700389 381 0.521487
0.700389 380 0.522114
0.700389 379 0.523285
0.700389 378 0.523337
0.700389 377 0.523617
0.700389 376 0.525058
0.700389 375 0.525076
0.700389 374 0.525563
0.700389 373 0.525586
0.700389 372 0.525643
0.700389 371 0.526745
0.700389 370 0.527831
0.700389 369 0.527847
0.700389 368 0.528345
0.700389 367 0.528455
0.700389 366 0.528985
0.698444 366 0.529597
0.698444 365 0.531211
0.698444 364 0.53135
0.698444 363 0.532268
0.698444 362 0.532494
0.698444 361 0.532629
0.698444 360 0.532901
0.698444 359 0.533113
0.696498 359 0.535005
0.696498 358 0.535625
0.696498 357 0.536803
0.696498 356 0.538416
0.696498 355 0.538794
0.696498 354 0.53913
0.694553 354 0.539239
0.694553 353 0.539534
0.694553 352 0.540614
0.694553 351 0.542364
0.694553 350 0.542902
0.694553 349 0.54326
0.694553 348 0.543305
0.694553 347 0.543869
0.692607 347 0.544265
0.690661 347 0.544678
0.690661 346 0.545355
0.690661 345 0.545623
0.690661 344 0.546832
0.690661 343 0.549085
0.690661 342 0.549242
0.690661 341 0.549414
0.690661 340 0.550094
0.690661 339 0.550618
0.688716 339 0.550986
0.688716 338 0.551005
0.688716 337 0.552022
0.688716 336 0.552189
0.688716 335 0.552348
0.688716 334 0.552822
0.688716 333 0.552939
0.688716 332 0.554273
0.68677 332 0.554456
0.68677 331 0.556455
0.68677 330 0.558216
0.68677 329 0.55849
0.68677 328 0.558784
0.68677 327 0.559103
0.68677 326 0.559802
0.68677 325 0.560369
0.68677 324 0.560966
0.68677 323 0.561296
0.68677 322 0.563375
0.684825 322 0.563772
0.682879 322 0.564047
0.682879 321 0.564601
0.682879 320 0.565099
0.682879 319 0.567377
0.682879 318 0.567863
0.682879 317 0.568666
0.682879 316 0.568945
0.682879 315 0.571134
0.682879 314 0.571213
0.682879 313 0.572254
0.682879 312 0.575294
0.680934 312 0.577087
0.678988 312 0.578586
0.678988 311 0.57882
0.678988 310 0.579643
0.678988 309 0.57966
0.678988 308 0.581285
0.678988 307 0.583954
0.678988 306 0.586027
0.678988 305 0.586171
0.678988 304 0.586915
0.678988 303 0.587101
0.678988 302 0.587102
0.678988 301 0.587166
0.678988 300 0.588053
0.678988 299 0.588411
0.678988 298 0.588802
0.678988 297 0.589717
0.678988 296 0.590395
0.678988 295 0.590722
0.678988 294 0.590841
0.677043 294 0.591172
0.677043 293 0.591793
0.677043 292 0.592789
0.675097 292 0.592863
0.675097 291 0.593922
0.675097 290 0.594842
0.675097 289 0.595343
0.675097 288 0.595425
0.675097 287 0.596098
0.675097 286 0.597897
0.675097 285 0.598203
0.673152 285 0.599181
0.673152 284 0.599709
0.673152 283 0.603134
0.673152 282 0.604952
0.673152 281 0.606455
0.673152 280 0.606925
0.673152 279 0.607163
0.673152 278 0.607268
0.673152 277 0.607953
0.671206 277 0.608054
0.671206 276 0.608156
0.671206 275 0.608915
0.671206 274 0.609928
0.671206 273 0.610126
0.671206 272 0.610213
0.671206 271 0.612028
0.671206 270 0.61252
0.671206 269 0.612593
0.671206 268 0.6126
0.671206 267 0.613552
0.671206 266 0.613638
0.671206 265 0.613672
0.671206 264 0.617218
0.671206 263 0.618017
0.671206 262 0.618089
0.671206 261 0.618293
0.671206 260 0.618674
0.671206 259 0.619456
0.669261 259 0.619682
0.669261 258 0.619997
0.667315 258 0.621262
0.667315 257 0.621476
0.667315 256 0.621941
0.667315 255 0.62331
0.667315 254 0.624051
0.667315 253 0.624466
0.667315 252 0.62575
0.667315 251 0.626276
0.667315 250 0.626607
0.667315 249 0.62691
0.667315 248 0.626975
0.667315 247 0.628469
0.667315 246 0.62967
0.667315 245 0.630631
0.667315 244 0.632355
0.667315 243 0.633573
0.667315 242 0.634224
0.667315 241 0.634636
0.66537 241 0.635442
0.66537 240 0.636425
0.66537 239 0.638572
0.66537 238 0.638619
0.66537 237 0.638698
0.66537 236 0.639131
0.66537 235 0.640353
0.66537 234 0.64189
0.66537 233 0.642834
0.663424 233 0.643291
0.661479 233 0.645004
0.661479 232 0.645061
0.661479 231 0.645278
0.661479 230 0.645759
0.659533 230 0.646185
0.657588 230 0.646847
0.655642 230 0.647544
0.655642 229 0.647998
0.655642 228 0.648656
0.655642 227 0.649417
0.655642 226 0.649791
0.655642 225 0.651178
0.653696 225 0.651219
0.651751 225 0.651739
0.651751 224 0.652735
0.651751 223 0.652798
0.651751 222 0.654888
0.651751 221 0.65574
0.651751 220 0.656603
0.649805 220 0.657302
0.649805 219 0.657366
0.649805 218 0.657544
0.649805 217 0.65763
0.649805 216 0.65896
0.649805 215 0.659996
0.649805 214 0.660209
0.649805 213 0.660341
0.649805 212 0.660628
0.649805 211 0.660779
0.649805 210 0.662066
0.64786 210 0.663957
0.64786 209 0.665383
0.645914 209 0.665826
0.645914 208 0.666976
0.643969 208 0.667155
0.643969 207 0.667683
0.642023 207 0.66775
0.642023 206 0.668239
0.642023 205 0.668382
0.642023 204 0.669056
0.642023 203 0.669858
0.642023 202 0.670349
0.640078 202 0.670917
0.640078 201 0.672427
0.640078 200 0.673048
0.640078 199 0.674897
0.638132 199 0.675193
0.638132 198 0.675313
0.638132 197 0.675552
0.638132 196 0.676272
0.638132 195 0.676438
0.638132 194 0.676636
0.638132 193 0.676653
0.638132 192 0.676672
0.636187 192 0.678709
0.634241 192 0.678859
0.632296 192 0.680202
0.632296 191 0.680438
0.63035 191 0.680839
0.628405 191 0.681823
0.628405 190 0.683624
0.628405 189 0.684227
0.628405 188 0.687389
0.626459 188 0.687489
0.624514 188 0.688039
0.624514 187 0.688156
0.622568 187 0.688821
0.620623 187 0.689171
0.620623 186 0.689687
0.620623 185 0.690879
0.620623 184 0.693105
0.618677 184 0.69348
0.618677 183 0.694907
0.616732 183 0.697945
0.616732 182 0.698029
0.614786 182 0.698914
0.614786 181 0.699011
0.614786 180 0.699217
0.61284 180 0.699446
0.610895 180 0.699891
0.608949 180 0.700767
0.607004 180 0.702946
0.607004 179 0.703518
0.607004 178 0.703914
0.607004 177 0.704304
0.607004 176 0.704916
0.607004 175 0.705046
0.605058 175 0.707398
0.605058 174 0.709123
0.605058 173 0.709308
0.605058 172 0.710378
0.605058 171 0.711345
0.605058 170 0.711422
0.605058 169 0.711467
0.603113 169 0.712072
0.603113 168 0.712105
0.601167 168 0.715525
0.601167 167 0.716232
0.599222 167 0.719165
0.599222 166 0.720268
0.599222 165 0.723862
0.599222 164 0.723874
0.599222 163 0.724674
0.599222 162 0.725488
0.599222 161 0.725999
0.599222 160 0.727099
0.599222 159 0.727584
0.597276 159 0.728102
0.597276 158 0.728172
0.597276 157 0.728267
0.595331 157 0.728468
0.595331 156 0.72978
0.595331 155 0.730189
0.595331 154 0.732868
0.595331 153 0.732977
0.595331 152 0.733889
0.595331 151 0.734631
0.593385 151 0.734747
0.59144 151 0.736612
0.59144 150 0.738474
0.59144 149 0.738682
0.59144 148 0.739998
0.59144 147 0.740169
0.59144 146 0.741475
0.59144 145 0.742221
0.59144 144 0.74475
0.59144 143 0.745721
0.59144 142 0.746149
0.59144 141 0.746824
0.59144 140 0.747957
0.59144 139 0.749079
0.59144 138 0.749536
0.59144 137 0.751192
0.589494 137 0.751975
0.589494 136 0.75264
0.589494 135 0.754041
0.589494 134 0.754303
0.587549 134 0.754522
0.587549 133 0.755133
0.587549 132 0.756153
0.585603 132 0.756816
0.585603 131 0.756954
0.585603 130 0.756986
0.585603 129 0.757017
0.583658 129 0.757909
0.583658 128 0.759056
0.581712 128 0.759911
0.581712 127 0.760136
0.581712 126 0.760878
0.581712 125 0.761151
0.579767 125 0.761413
0.579767 124 0.762831
0.577821 124 0.763018
0.575875 124 0.763885
0.57393 124 0.765591
0.57393 123 0.768072
0.571984 123 0.76947
0.570039 123 0.772048
0.568093 123 0.773022
0.568093 122 0.773545
0.568093 121 0.773931
0.566148 121 0.774597
0.564202 121 0.775192
0.562257 121 0.777772
0.562257 120 0.778439
0.562257 119 0.779004
0.562257 118 0.781456
0.562257 117 0.782498
0.562257 116 0.782621
0.560311 116 0.784169
0.560311 115 0.784717
0.560311 114 0.785655
0.560311 113 0.787256
0.560311 112 0.788249
0.560311 111 0.78872
0.560311 110 0.792431
0.558366 110 0.793546
0.558366 109 0.797938
0.55642 109 0.798427
0.554475 109 0.79883
0.552529 109 0.799109
0.550584 109 0.80023
0.550584 108 0.800827
0.550584 107 0.801396
0.550584 106 0.803177
0.548638 106 0.804571
0.548638 105 0.806793
0.546693 105 0.807513
0.546693 104 0.808337
0.546693 103 0.808895
0.544747 103 0.810964
0.542802 103 0.812352
0.542802 102 0.812374
0.542802 101 0.813062
0.542802 100 0.814879
0.542802 99 0.814898
0.540856 99 0.814954
0.538911 99 0.816736
0.538911 98 0.817761
0.538911 97 0.820147
0.536965 97 0.82053
0.536965 96 0.820614
0.536965 95 0.821204
0.536965 94 0.82202
0.536965 93 0.822802
0.535019 93 0.822842
0.533074 93 0.823805
0.533074 92 0.824116
0.533074 91 0.825857
0.533074 90 0.826057
0.533074 89 0.829085
0.531128 89 0.829924
0.531128 88 0.830429
0.531128 87 0.8307
0.531128 86 0.831035
0.529183 86 0.833126
0.529183 85 0.833146
0.527237 85 0.833185
0.527237 84 0.833848
0.527237 83 0.833944
0.527237 82 0.834421
0.525292 82 0.836885
0.525292 81 0.837884
0.523346 81 0.83871
0.523346 80 0.839151
0.521401 80 0.839208
0.521401 79 0.839757
0.521401 78 0.840008
0.521401 77 0.841406
0.521401 76 0.841639
0.519455 76 0.841861
0.519455 75 0.84202
0.51751 75 0.843766
0.51751 74 0.844682
0.51751 73 0.845821
0.515564 73 0.847881
0.515564 72 0.848148
0.513619 72 0.848484
0.511673 72 0.84937
0.511673 71 0.849521
0.511673 70 0.850949
0.511673 69 0.851273
0.511673 68 0.851341
0.511673 67 0.85164
0.511673 66 0.854194
0.509728 66 0.854756
0.509728 65 0.855033
0.509728 64 0.855599
0.509728 63 0.858791
0.509728 62 0.858987
0.507782 62 0.859292
0.507782 61 0.860041
0.505837 61 0.862981
0.505837 60 0.86357
0.503891 60 0.866258
0.501946 60 0.874324
0.5 60 0.875072
0.5 59 0.87545
0.498054 59 0.876262
0.498054 58 0.876297
0.496109 58 0.877851
0.496109 57 0.878226
0.494163 57 0.878925
0.492218 57 0.879773
0.490272 57 0.881214
0.490272 56 0.881503
0.490272 55 0.881971
0.488327 55 0.88349
0.486381 55 0.884511
0.484436 55 0.884901
0.48249 55 0.885043
0.480545 55 0.885657
0.480545 54 0.886594
0.480545 53 0.887311
0.478599 53 0.88845
0.478599 52 0.889487
0.476654 52 0.889525
0.476654 51 0.890611
0.476654 50 0.893336
0.474708 50 0.893925
0.474708 49 0.894486
0.474708 48 0.896495
0.474708 47 0.897433
0.472763 47 0.897481
0.470817 47 0.898993
0.468872 47 0.900273
0.466926 47 0.900324
0.466926 46 0.901373
0.464981 46 0.902292
0.463035 46 0.902407
0.461089 46 0.903383
0.459144 46 0.904674
0.457198 46 0.906128
0.457198 45 0.908183
0.455253 45 0.909012
0.453307 45 0.90912
0.453307 44 0.910058
0.453307 43 0.910248
0.451362 43 0.91105
0.451362 42 0.911561
0.449416 42 0.912438
0.447471 42 0.912505
0.447471 41 0.912884
0.445525 41 0.912999
0.445525 40 0.913205
0.44358 40 0.914136
0.44358 39 0.915216
0.441634 39 0.915903
0.439689 39 0.915918
0.437743 39 0.917036
0.437743 38 0.917787
0.437743 37 0.920293
0.435798 37 0.920405
0.433852 37 0.920961
0.431907 37 0.921643
0.431907 36 0.922054
0.429961 36 0.923114
0.428016 36 0.923832
0.428016 35 0.924788
0.42607 35 0.925348
0.424125 35 0.925742
0.424125 34 0.926829
0.424125 33 0.928488
0.422179 33 0.928528
0.420233 33 0.928848
0.418288 33 0.930052
0.416342 33 0.930167
0.414397 33 0.931816
0.412451 33 0.93321
0.412451 32 0.934416
0.412451 31 0.935391
0.412451 30 0.935399
0.412451 29 0.938184
0.410506 29 0.941984
0.410506 28 0.942167
0.410506 27 0.94253
0.40856 27 0.944335
0.406615 27 0.944405
0.404669 27 0.944835
0.402724 27 0.945438
0.400778 27 0.945604
0.398833 27 0.945828
0.398833 26 0.946133
0.396887 26 0.946466
0.396887 25 0.946591
0.394942 25 0.947046
0.392996 25 0.948744
0.391051 25 0.949933
0.391051 24 0.951458
0.391051 23 0.952638
0.389105 23 0.952698
0.38716 23 0.95324
0.38716 22 0.953944
0.38716 21 0.95403
0.385214 21 0.954367
0.383268 21 0.954666
0.381323 21 0.955485
0.381323 20 0.955967
0.379377 20 0.95621
0.377432 20 0.956831
0.377432 19 0.957062
0.375486 19 0.957523
0.375486 18 0.957728
0.373541 18 0.960357
0.371595 18 0.960884
0.36965 18 0.96152
0.367704 18 0.961776
0.365759 18 0.961791
0.363813 18 0.962997
0.363813 17 0.964725
0.361868 17 0.965792
0.359922 17 0.96599
0.359922 16 0.967065
0.357977 16 0.967855
0.356031 16 0.969048
0.354086 16 0.969145
0.35214 16 0.969573
0.35214 15 0.970684
0.350195 15 0.970747
0.348249 15 0.971175
0.348249 14 0.97142
0.346304 14 0.971573
0.344358 14 0.97207
0.342412 14 0.97237
0.340467 14 0.972735
0.338521 14 0.97346
0.336576 14 0.973652
0.33463 14 0.973947
0.332685 14 0.974335
0.330739 14 0.974843
0.328794 14 0.975875
0.328794 13 0.976299
0.326848 13 0.976425
0.324903 13 0.976679
0.324903 12 0.976841
0.322957 12 0.978212
0.322957 11 0.978621
0.321012 11 0.979084
0.319066 11 0.979189
0.317121 11 0.9802
0.317121 10 0.98059
0.315175 10 0.980692
0.31323 10 0.980693
0.311284 10 0.98073
0.309339 10 0.980929
0.307393 10 0.981056
0.305447 10 0.981843
0.303502 10 0.982045
0.301556 10 0.982526
0.301556 9 0.982749
0.299611 9 0.984063
0.297665 9 0.984159
0.29572 9 0.984889
0.293774 9 0.985305
0.291829 9 0.985892
0.289883 9 0.986291
0.287938 9 0.986345
0.285992 9 0.986376
0.284047 9 0.98661
0.282101 9 0.986617
0.280156 9 0.986929
0.27821 9 0.987047
0.276265 9 0.98715
0.274319 9 0.988579
0.272374 9 0.988636
0.270428 9 0.989021
0.268482 9 0.989066
0.266537 9 0.989413
0.264591 9 0.989532
0.262646 9 0.990059
0.262646 8 0.990196
0.2607 8 0.99028
0.258755 8 0.99034
0.256809 8 0.990396
0.256809 7 0.99086
0.256809 6 0.991316
0.254864 6 0.991417
0.252918 6 0.991573
0.250973 6 0.992315
0.249027 6 0.992593
0.247082 6 0.99274
0.245136 6 0.993258
0.243191 6 0.993726
0.241245 6 0.993846
0.2393 6 0.993861
0.2393 5 0.994299
0.237354 5 0.994354
0.235409 5 0.994643
0.233463 5 0.994829
0.231518 5 0.99485
0.229572 5 0.995006
0.227626 5 0.995145
0.225681 5 0.995618
0.223735 5 0.996082
0.22179 5 0.996098
0.22179 4 0.996176
0.219844 4 0.996292
0.217899 4 0.996306
0.215953 4 0.996391
0.214008 4 0.996443
0.212062 4 0.996484
0.210117 4 0.996597
0.208171 4 0.996763
0.206226 4 0.997169
0.20428 4 0.99723
0.202335 4 0.997241
0.200389 4 0.997309
0.198444 4 0.997394
0.196498 4 0.997422
0.196498 3 0.997553
0.194553 3 0.997615
0.192607 3 0.997672
0.190661 3 0.99768
0.188716 3 0.997744
0.18677 3 0.99776
0.184825 3 0.997791
0.180934 3 0.997809
0.178988 3 0.997821
0.177043 3 0.997885
0.175097 3 0.997896
0.173152 3 0.998011
0.171206 3 0.998082
0.171206 2 0.998244
0.169261 2 0.998276
0.167315 2 0.998296
0.16537 2 0.998311
0.163424 2 0.998362
0.163424 1 0.99839
0.163424 0 0.998404
0.161479 0 0.998415
0.159533 0 0.998436
0.157588 0 0.998508
0.155642 0 0.998544
0.153696 0 0.998657
0.151751 0 0.998697
0.149805 0 0.998778
0.14786 0 0.998813
0.145914 0 0.998954
0.143969 0 0.998973
0.142023 0 0.999055
0.140078 0 0.999059
0.138132 0 0.999082
0.136187 0 0.999283
0.134241 0 0.999338
0.132296 0 0.999359
0.13035 0 0.99936
0.128405 0 0.999365
0.126459 0 0.999371
0.124514 0 0.999436
0.122568 0 0.999441
0.120623 0 0.999493
0.118677 0 0.999531
0.116732 0 0.999553
0.114786 0 0.999591
0.11284 0 0.999665
0.110895 0 0.999675
0.108949 0 0.999676
0.107004 0 0.999683
0.103113 0 0.999689
0.101167 0 0.999694
0.0992218 0 0.9997
0.0972763 0 0.999709
0.0953307 0 0.999766
0.0933852 0 0.999767
0.0914397 0 0.999782
0.0894942 0 0.999796
0.0875486 0 0.999802
0.0856031 0 0.999818
0.0836576 0 0.99982
0.0817121 0 0.999823
0.0797665 0 0.999827
0.077821 0 0.999829
0.0758755 0 0.999836
0.07393 0 0.999838
0.0719844 0 0.999844
0.0700389 0 0.999859
0.0680934 0 0.999864
0.0661479 0 0.999867
0.0642023 0 0.999877
0.0622568 0 0.99988
0.0603113 0 0.999887
0.0583658 0 0.999892
0.0564202 0 0.999925
0.0544747 0 0.999934
0.0525292 0 0.999937
0.0505837 0 0.99994
0.0486381 0 0.999952
0.0466926 0 0.999967
0.0428016 0 0.999971
0.040856 0 0.999972
0.0389105 0 0.999977
0.036965 0 0.999979
0.0330739 0 0.999982
0.0311284 0 0.999988
0.0272374 0 0.999989
0.0233463 0 0.99999
0.0214008 0 0.999993
0.0194553 0 0.999994
0.0175097 0 0.999996
0.0155642 0 0.999997
0.0116732 0 0.999999
0.0077821 0 1
