0.738964 1106 0.300398
0.738964 1105 0.300434
0.738964 1104 0.30054
0.738964 1103 0.300692
0.738964 1102 0.300727
0.738964 1101 0.300856
0.738964 1100 0.300941
0.738964 1099 0.301248
0.738964 1098 0.301494
0.738964 1097 0.301817
0.738964 1096 0.302037
0.738964 1095 0.302409
0.737044 1095 0.302474
0.737044 1094 0.302542
0.737044 1093 0.302787
0.737044 1092 0.302972
0.737044 1091 0.303438
0.737044 1090 0.303578
0.737044 1089 0.30376
0.737044 1088 0.303802
0.737044 1087 0.303846
0.737044 1086 0.303986
0.737044 1085 0.304616
0.737044 1084 0.304624
0.737044 1083 0.304829
0.737044 1082 0.304912
0.737044 1081 0.305073
0.737044 1080 0.305079
0.737044 1079 0.30557
0.737044 1078 0.305654
0.737044 1077 0.305803
0.737044 1076 0.30586
0.737044 1075 0.30663
0.737044 1074 0.306698
0.737044 1073 0.306776
0.737044 1072 0.306828
0.737044 1071 0.307072
0.737044 1070 0.307282
0.737044 1069 0.307316
0.737044 1068 0.307438
0.737044 1067 0.307901
0.737044 1066 0.308068
0.737044 1065 0.308329
0.737044 1064 0.308342
0.737044 1063 0.308562
0.737044 1062 0.308863
0.737044 1061 0.309318
0.737044 1060 0.309474
0.737044 1059 0.309816
0.737044 1058 0.310095
0.737044 1057 0.310433
0.737044 1056 0.310436
0.737044 1055 0.310956
0.737044 1054 0.311037
0.737044 1053 0.311045
0.737044 1052 0.311153
0.737044 1051 0.311289
0.737044 1050 0.311759
0.737044 1049 0.311773
0.737044 1048 0.311851
0.737044 1047 0.312182
0.737044 1046 0.312294
0.737044 1045 0.312377
0.737044 1044 0.312699
0.737044 1043 0.312791
0.737044 1042 0.312837
0.737044 1041 0.31296
0.737044 1040 0.312981
0.737044 1039 0.313118
0.737044 1038 0.313264
0.737044 1037 0.313334
0.737044 1036 0.31334
0.735125 1036 0.313658
0.735125 1035 0.313719
0.735125 1034 0.313988
0.735125 1033 0.31448
0.735125 1032 0.314537
0.735125 1031 0.314589
0.735125 1030 0.314771
0.735125 1029 0.314816
0.733205 1029 0.315078
0.733205 1028 0.315103
0.733205 1027 0.315247
0.733205 1026 0.316004
0.733205 1025 0.316028
0.733205 1024 0.316052
0.733205 1023 0.31611
0.733205 1022 0.316315
0.733205 1021 0.316596
0.733205 1020 0.316794
0.733205 1019 0.317508
0.733205 1018 0.317949
0.733205 1017 0.318059
0.733205 1016 0.318099
0.733205 1015 0.318308
0.733205 1014 0.318643
0.733205 1013 0.318866
0.733205 1012 0.31891
0.733205 1011 0.319195
0.733205 1010 0.319248
0.733205 1009 0.319348
0.733205 1008 0.319842
0.733205 1007 0.320145
0.733205 1006 0.320265
0.733205 1005 0.320521
0.733205 1004 0.321075
0.733205 1003 0.321236
0.733205 1002 0.321306
0.733205 1001 0.322037
0.733205 1000 0.322349
0.733205 999 0.322957
0.733205 998 0.32411
0.733205 997 0.324533
0.733205 996 0.324685
0.733205 995 0.324762
0.733205 994 0.324819
0.733205 993 0.324926
0.733205 992 0.32507
0.733205 991 0.325293
0.733205 990 0.325311
0.733205 989 0.3257
0.733205 988 0.325956
0.733205 987 0.326207
0.733205 986 0.326745
0.733205 985 0.326999
0.733205 984 0.32747
0.733205 983 0.327663
0.731286 983 0.327957
0.731286 982 0.328242
0.731286 981 0.328359
0.731286 980 0.329123
0.731286 979 0.329153
0.731286 978 0.329159
0.731286 977 0.329584
0.731286 976 0.329616
0.731286 975 0.329837
0.731286 974 0.330163
0.731286 973 0.330554
0.731286 972 0.33117
0.731286 971 0.331501
0.731286 970 0.331705
0.731286 969 0.33172
0.731286 968 0.331865
0.731286 967 0.332071
0.731286 966 0.332419
0.731286 965 0.332931
0.731286 964 0.333983
0.731286 963 0.334797
0.731286 962 0.33487
0.731286 961 0.334959
0.731286 960 0.335414
0.731286 959 0.335836
0.731286 958 0.335928
0.731286 957 0.335957
0.731286 956 0.336487
0.731286 955 0.336613
0.731286 954 0.336622
0.731286 953 0.337144
0.731286 952 0.337272
0.731286 951 0.337278
0.731286 950 0.337464
0.731286 949 0.337487
0.731286 948 0.337793
0.731286 947 0.339365
0.731286 946 0.340326
0.731286 945 0.340511
0.731286 944 0.34061
0.731286 943 0.340728
0.731286 942 0.340884
0.731286 941 0.340999
0.731286 940 0.341938
0.731286 939 0.34194
0.731286 938 0.342165
0.731286 937 0.342537
0.731286 936 0.342694
0.731286 935 0.342933
0.731286 934 0.342997
0.731286 933 0.343141
0.731286 932 0.343254
0.731286 931 0.343533
0.731286 930 0.343962
0.731286 929 0.343992
0.731286 928 0.344026
0.731286 927 0.344207
0.731286 926 0.344223
0.731286 925 0.344417
0.731286 924 0.344661
0.731286 923 0.345163
0.731286 922 0.345238
0.731286 921 0.346193
0.731286 920 0.346626
0.731286 919 0.346743
0.731286 918 0.346851
0.731286 917 0.346966
0.731286 916 0.347273
0.731286 915 0.347299
0.731286 914 0.347317
0.731286 913 0.347479
0.731286 912 0.347771
0.731286 911 0.347889
0.731286 910 0.348307
0.731286 909 0.348317
0.731286 908 0.348411
0.731286 907 0.348702
0.731286 906 0.349008
0.731286 905 0.349851
0.731286 904 0.350548
0.731286 903 0.35066
0.731286 902 0.350663
0.731286 901 0.350975
0.731286 900 0.351349
0.731286 899 0.351417
0.731286 898 0.35159
0.731286 897 0.351947
0.731286 896 0.352547
0.731286 895 0.353101
0.731286 894 0.353367
0.731286 893 0.353584
0.731286 892 0.353636
0.731286 891 0.353868
0.731286 890 0.354344
0.731286 889 0.354569
0.731286 888 0.354784
0.731286 887 0.355828
0.731286 886 0.355961
0.731286 885 0.356056
0.731286 884 0.35619
0.731286 883 0.356384
0.731286 882 0.356498
0.731286 881 0.356597
0.731286 880 0.357127
0.731286 879 0.357336
0.731286 878 0.357599
0.731286 877 0.358607
0.731286 876 0.358686
0.731286 875 0.359881
0.731286 874 0.360083
0.731286 873 0.360153
0.731286 872 0.360587
0.731286 871 0.360668
0.731286 870 0.360703
0.731286 869 0.360961
0.731286 868 0.361002
0.731286 867 0.361056
0.731286 866 0.361955
0.731286 865 0.361958
0.731286 864 0.362046
0.729367 864 0.362076
0.729367 863 0.362107
0.729367 862 0.362385
0.729367 861 0.363419
0.729367 860 0.363688
0.729367 859 0.363778
0.729367 858 0.363914
0.729367 857 0.364443
0.729367 856 0.364673
0.729367 855 0.364998
0.729367 854 0.365476
0.729367 853 0.365596
0.729367 852 0.365912
0.729367 851 0.366051
0.729367 850 0.366197
0.729367 849 0.366312
0.729367 848 0.366606
0.729367 847 0.36675
0.729367 846 0.367437
0.729367 845 0.367735
0.727447 845 0.367894
0.727447 844 0.368531
0.727447 843 0.368557
0.727447 842 0.369038
0.727447 841 0.369132
0.727447 840 0.369272
0.727447 839 0.36936
0.727447 838 0.370195
0.727447 837 0.370328
0.727447 836 0.370467
0.727447 835 0.370734
0.727447 834 0.371302
0.727447 833 0.371579
0.727447 832 0.37175
0.727447 831 0.371802
0.727447 830 0.372221
0.727447 829 0.372495
0.727447 828 0.372557
0.727447 827 0.372824
0.727447 826 0.373118
0.727447 825 0.373264
0.727447 824 0.373302
0.727447 823 0.373315
0.727447 822 0.373497
0.727447 821 0.373528
0.727447 820 0.373597
0.727447 819 0.374233
0.727447 818 0.374548
0.727447 817 0.375965
0.725528 817 0.376094
0.725528 816 0.377283
0.725528 815 0.377756
0.725528 814 0.37835
0.725528 813 0.379922
0.725528 812 0.380269
0.725528 811 0.380458
0.725528 810 0.38053
0.725528 809 0.380734
0.725528 808 0.380817
0.725528 807 0.380881
0.725528 806 0.381627
0.725528 805 0.382106
0.723608 805 0.382302
0.723608 804 0.382634
0.723608 803 0.382813
0.723608 802 0.382991
0.723608 801 0.383188
0.723608 800 0.383351
0.723608 799 0.383678
0.723608 798 0.383707
0.723608 797 0.383831
0.723608 796 0.384449
0.723608 795 0.385379
0.723608 794 0.385591
0.723608 793 0.385807
0.723608 792 0.386132
0.723608 791 0.386214
0.723608 790 0.386416
0.723608 789 0.386996
0.723608 788 0.387442
0.723608 787 0.387466
0.723608 786 0.387492
0.723608 785 0.387938
0.723608 784 0.387948
0.723608 783 0.388039
0.723608 782 0.388842
0.723608 781 0.388901
0.723608 780 0.389018
0.723608 779 0.38926
0.723608 778 0.389371
0.723608 777 0.390053
0.723608 776 0.390544
0.723608 775 0.390584
0.723608 774 0.390704
0.723608 773 0.391647
0.723608 772 0.391741
0.723608 771 0.39221
0.723608 770 0.392668
0.723608 769 0.393143
0.723608 768 0.394141
0.723608 767 0.39436
0.723608 766 0.394533
0.723608 765 0.394583
0.723608 764 0.394831
0.723608 763 0.394927
0.723608 762 0.395536
0.723608 761 0.395615
0.723608 760 0.396036
0.723608 759 0.396076
0.723608 758 0.396436
0.723608 757 0.396497
0.723608 756 0.397082
0.723608 755 0.397467
0.723608 754 0.398525
0.723608 753 0.398882
0.723608 752 0.399079
0.723608 751 0.399097
0.721689 751 0.39913
0.721689 750 0.399413
0.721689 749 0.399461
0.721689 748 0.399915
0.721689 747 0.400621
0.721689 746 0.400883
0.721689 745 0.401105
0.721689 744 0.402007
0.721689 743 0.402781
0.721689 742 0.403164
0.721689 741 0.403601
0.721689 740 0.403806
0.721689 739 0.403853
0.721689 738 0.404029
0.721689 737 0.40439
0.721689 736 0.404583
0.721689 735 0.405043
0.721689 734 0.405132
0.721689 733 0.405167
0.721689 732 0.405641
0.721689 731 0.406078
0.721689 730 0.406988
0.721689 729 0.407008
0.721689 728 0.407079
0.721689 727 0.407451
0.721689 726 0.407856
0.721689 725 0.407978
0.721689 724 0.408399
0.721689 723 0.409115
0.721689 722 0.409175
0.721689 721 0.409451
0.721689 720 0.409603
0.721689 719 0.410133
0.721689 718 0.410243
0.721689 717 0.410724
0.721689 716 0.4108
0.721689 715 0.410982
0.721689 714 0.411328
0.71977 714 0.4115
0.71977 713 0.411579
0.71977 712 0.411876
0.71977 711 0.412584
0.71977 709 0.412741
0.71977 708 0.41336
0.71977 707 0.41391
0.71977 706 0.414585
0.71977 705 0.414712
0.71977 704 0.415165
0.71977 703 0.415215
0.71977 702 0.415257
0.71977 701 0.415393
0.71977 700 0.415588
0.71977 699 0.416276
0.71977 698 0.416629
0.71977 697 0.41663
0.71785 697 0.416782
0.71785 696 0.41696
0.71785 695 0.417079
0.71785 694 0.417094
0.71785 693 0.417347
0.71785 692 0.417623
0.71785 691 0.417773
0.71785 690 0.418588
0.71785 689 0.418906
0.71785 688 0.419123
0.71785 687 0.419309
0.71785 686 0.419332
0.71785 685 0.419417
0.71785 684 0.419637
0.715931 684 0.420091
0.715931 683 0.421114
0.715931 682 0.421121
0.715931 681 0.421702
0.715931 680 0.422333
0.715931 679 0.422499
0.715931 678 0.422641
0.715931 677 0.422834
0.715931 676 0.423155
0.715931 675 0.423316
0.715931 674 0.423428
0.715931 673 0.423438
0.715931 672 0.423564
0.715931 671 0.423741
0.715931 670 0.423814
0.715931 669 0.424382
0.715931 668 0.424575
0.715931 667 0.425143
0.715931 666 0.425181
0.715931 665 0.425182
0.715931 664 0.426287
0.715931 663 0.426427
0.715931 662 0.42666
0.715931 661 0.427306
0.715931 660 0.427462
0.715931 659 0.427674
0.715931 658 0.4298
0.715931 657 0.430042
0.715931 656 0.430116
0.715931 655 0.430368
0.715931 654 0.430373
0.715931 653 0.430703
0.715931 652 0.430813
0.715931 651 0.431159
0.715931 650 0.431496
0.715931 649 0.431814
0.715931 648 0.43201
0.715931 647 0.433335
0.715931 646 0.433521
0.715931 645 0.434313
0.715931 644 0.434329
0.715931 643 0.434918
0.715931 642 0.435024
0.715931 641 0.435782
0.714012 641 0.435871
0.714012 640 0.436343
0.714012 639 0.43636
0.714012 638 0.436443
0.714012 637 0.436879
0.714012 636 0.437109
0.714012 635 0.437354
0.712092 635 0.437516
0.712092 634 0.437744
0.712092 633 0.438272
0.712092 632 0.43872
0.712092 631 0.439417
0.712092 630 0.439491
0.712092 629 0.439765
0.712092 628 0.43997
0.712092 627 0.440255
0.712092 626 0.440323
0.712092 625 0.441425
0.712092 624 0.441731
0.712092 623 0.442372
0.710173 623 0.442642
0.710173 622 0.442907
0.710173 621 0.443174
0.708253 621 0.443415
0.708253 620 0.443625
0.708253 619 0.443696
0.708253 618 0.443818
0.708253 617 0.443845
0.708253 616 0.443947
0.708253 615 0.444208
0.708253 614 0.4445
0.708253 613 0.444996
0.708253 612 0.445011
0.708253 611 0.4451
0.708253 610 0.445112
0.708253 609 0.446282
0.708253 608 0.446323
0.708253 607 0.446761
0.708253 606 0.446861
0.708253 605 0.447162
0.708253 604 0.447226
0.708253 603 0.447244
0.708253 602 0.447284
0.708253 601 0.447693
0.708253 600 0.448015
0.708253 599 0.448184
0.706334 599 0.448836
0.706334 598 0.450336
0.706334 597 0.451268
0.706334 596 0.452314
0.706334 595 0.453942
0.706334 594 0.454746
0.706334 593 0.454763
0.706334 592 0.454875
0.706334 591 0.455501
0.706334 590 0.455933
0.706334 589 0.456088
0.706334 588 0.456526
0.706334 587 0.456934
0.706334 586 0.457419
0.706334 585 0.457474
0.706334 584 0.458154
0.706334 583 0.458537
0.706334 582 0.459025
0.706334 581 0.459519
0.706334 580 0.459849
0.706334 579 0.459918
0.706334 578 0.461003
0.706334 577 0.461174
0.706334 576 0.461258
0.706334 575 0.461282
0.706334 574 0.461327
0.706334 573 0.46172
0.706334 572 0.461876
0.706334 571 0.461911
0.706334 570 0.462053
0.704415 570 0.462363
0.704415 569 0.462862
0.704415 568 0.46292
0.704415 567 0.46329
0.704415 566 0.46349
0.704415 565 0.464391
0.704415 564 0.466041
0.704415 563 0.466596
0.704415 562 0.466709
0.704415 561 0.4671
0.704415 560 0.467646
0.704415 559 0.467959
0.704415 558 0.468786
0.704415 557 0.468951
0.704415 556 0.469632
0.704415 555 0.470798
0.704415 554 0.470912
0.702495 554 0.471399
0.702495 553 0.471446
0.702495 552 0.471734
0.702495 551 0.472869
0.700576 551 0.472875
0.700576 550 0.472915
0.700576 549 0.473755
0.698656 549 0.474156
0.698656 548 0.474287
0.698656 547 0.47495
0.698656 546 0.47578
0.698656 545 0.475979
0.698656 544 0.476329
0.698656 543 0.477553
0.698656 542 0.478277
0.698656 541 0.478429
0.696737 541 0.478627
0.696737 540 0.479545
0.694818 540 0.480171
0.694818 539 0.48078
0.694818 538 0.481085
0.694818 537 0.482316
0.694818 536 0.482877
0.694818 535 0.483
0.694818 534 0.483053
0.694818 533 0.483418
0.694818 532 0.483599
0.694818 531 0.484021
0.694818 530 0.484111
0.694818 529 0.48418
0.694818 528 0.48435
0.694818 527 0.485115
0.694818 526 0.485184
0.694818 525 0.485804
0.694818 524 0.486667
0.694818 523 0.48672
0.694818 522 0.487579
0.694818 521 0.487651
0.694818 520 0.488291
0.694818 519 0.488442
0.694818 518 0.488676
0.694818 517 0.489162
0.694818 516 0.489239
0.694818 515 0.489241
0.694818 514 0.48943
0.694818 513 0.489509
0.694818 512 0.489628
0.694818 511 0.490288
0.694818 510 0.490631
0.694818 509 0.491482
0.694818 508 0.491494
0.694818 507 0.491637
0.694818 506 0.49257
0.694818 505 0.492672
0.694818 504 0.492985
0.694818 503 0.493024
0.694818 502 0.493045
0.694818 501 0.493072
0.694818 500 0.493399
0.694818 499 0.493521
0.694818 498 0.494258
0.694818 497 0.494572
0.694818 496 0.495149
0.694818 495 0.495737
0.694818 494 0.495961
0.694818 493 0.496061
0.694818 492 0.497905
0.694818 491 0.497942
0.694818 490 0.4982
0.694818 489 0.498842
0.694818 488 0.499026
0.694818 487 0.499781
0.694818 486 0.500125
0.694818 485 0.50033
0.694818 484 0.500346
0.694818 483 0.500434
0.694818 482 0.500561
0.694818 481 0.501122
0.694818 480 0.501487
0.694818 479 0.501503
0.694818 478 0.502197
0.694818 477 0.50242
0.694818 476 0.503172
0.694818 475 0.503781
0.694818 474 0.504027
0.694818 473 0.506225
0.694818 472 0.506276
0.694818 471 0.506693
0.694818 470 0.506883
0.694818 469 0.507539
0.694818 468 0.508276
0.694818 467 0.510143
0.694818 466 0.51055
0.694818 465 0.511287
0.694818 464 0.51224
0.694818 463 0.512294
0.694818 462 0.51252
0.694818 461 0.512618
0.694818 460 0.513804
0.694818 459 0.514112
0.694818 458 0.514483
0.694818 457 0.514539
0.694818 456 0.514715
0.694818 455 0.515998
0.694818 454 0.516249
0.694818 453 0.51767
0.694818 452 0.517774
0.694818 451 0.517864
0.694818 450 0.51817
0.694818 449 0.518977
0.694818 448 0.519304
0.692898 448 0.519363
0.692898 447 0.520823
0.692898 446 0.521071
0.690979 446 0.521656
0.690979 445 0.522321
0.690979 444 0.522348
0.68906 444 0.523895
0.68906 443 0.524974
0.68906 442 0.526056
0.68906 441 0.526109
0.68906 440 0.527171
0.68906 439 0.527343
0.68906 438 0.527553
0.68906 437 0.528411
0.68906 436 0.528427
0.68906 435 0.529111
0.68906 434 0.529123
0.68906 433 0.530642
0.68906 432 0.53088
0.68906 431 0.531025
0.68906 430 0.531641
0.68906 429 0.531643
0.68906 428 0.533001
0.68906 427 0.533068
0.68906 426 0.533357
0.68906 425 0.533996
0.68906 424 0.535123
0.68906 423 0.535414
0.68906 422 0.535695
0.68906 421 0.535743
0.68906 420 0.537275
0.68906 419 0.538404
0.68906 418 0.539842
0.68906 417 0.540052
0.68906 416 0.540089
0.68906 415 0.54035
0.68906 414 0.540797
0.68906 413 0.542486
0.68906 412 0.542952
0.68906 411 0.543056
0.68906 410 0.543195
0.68906 409 0.543368
0.68906 408 0.543557
0.68906 407 0.543852
0.68906 406 0.543904
0.68906 405 0.543938
0.68906 404 0.545972
0.68906 403 0.546267
0.68714 403 0.546592
0.68714 402 0.546816
0.685221 402 0.546852
0.685221 401 0.547209
0.685221 400 0.549171
0.683301 400 0.549563
0.683301 399 0.549981
0.683301 398 0.550326
0.683301 397 0.550526
0.683301 396 0.550848
0.681382 396 0.55129
0.681382 395 0.551571
0.681382 394 0.551678
0.681382 393 0.552227
0.681382 392 0.552938
0.681382 391 0.554163
0.681382 390 0.554906
0.681382 389 0.555103
0.681382 388 0.555471
0.681382 387 0.556898
0.681382 386 0.556999
0.681382 385 0.557409
0.681382 384 0.558401
0.681382 383 0.558426
0.681382 382 0.559417
0.681382 381 0.560611
0.681382 380 0.560801
0.679463 380 0.560886
0.677543 380 0.563275
0.677543 379 0.564029
0.677543 378 0.564042
0.677543 377 0.564351
0.677543 376 0.564407
0.677543 375 0.564979
0.677543 374 0.564995
0.677543 373 0.565008
0.677543 372 0.565304
0.677543 371 0.565845
0.677543 370 0.565897
0.677543 369 0.566007
0.677543 368 0.566387
0.677543 367 0.56688
0.677543 366 0.568045
0.677543 365 0.568148
0.677543 364 0.568419
0.677543 363 0.568769
0.677543 362 0.572236
0.677543 361 0.572698
0.677543 360 0.574125
0.677543 359 0.574129
0.677543 358 0.575091
0.677543 357 0.575108
0.675624 357 0.575853
0.675624 356 0.576065
0.675624 355 0.576268
0.675624 354 0.577439
0.675624 353 0.578579
0.675624 352 0.579188
0.675624 351 0.581472
0.675624 350 0.582047
0.675624 349 0.582589
0.675624 348 0.583078
0.675624 347 0.583186
0.675624 346 0.583344
0.675624 345 0.583775
0.675624 344 0.583941
0.675624 343 0.585399
0.675624 342 0.585502
0.673704 342 0.586376
0.671785 342 0.586423
0.671785 341 0.586877
0.671785 340 0.586889
0.671785 339 0.587285
0.671785 338 0.587607
0.671785 337 0.588078
0.671785 336 0.588334
0.671785 335 0.588512
0.671785 334 0.589375
0.671785 333 0.590298
0.671785 332 0.591206
0.671785 331 0.591216
0.671785 330 0.594289
0.669866 330 0.594514
0.669866 329 0.594692
0.669866 328 0.596901
0.669866 327 0.597237
0.669866 326 0.597674
0.669866 325 0.597737
0.669866 324 0.599772
0.669866 323 0.60199
0.669866 322 0.602511
0.669866 321 0.603962
0.669866 320 0.60536
0.669866 319 0.605469
0.669866 317 0.605512
0.669866 316 0.606052
0.669866 315 0.606055
0.669866 314 0.606471
0.669866 313 0.606722
0.669866 312 0.606844
0.667946 312 0.607082
0.667946 311 0.607436
0.667946 310 0.607794
0.667946 309 0.609688
0.667946 308 0.609824
0.667946 307 0.610248
0.666027 307 0.610773
0.666027 306 0.611282
0.666027 305 0.61181
0.666027 304 0.611838
0.666027 303 0.612975
0.666027 302 0.61404
0.666027 301 0.614853
0.666027 300 0.614917
0.666027 299 0.615518
0.664107 299 0.617139
0.664107 298 0.617468
0.662188 298 0.619585
0.662188 297 0.61976
0.662188 296 0.62098
0.662188 295 0.621311
0.662188 294 0.621857
0.660269 294 0.622069
0.660269 293 0.622744
0.660269 292 0.622821
0.660269 291 0.622832
0.660269 290 0.62441
0.660269 289 0.625069
0.660269 288 0.62592
0.660269 287 0.626859
0.660269 286 0.626987
0.660269 285 0.627747
0.660269 284 0.628654
0.660269 283 0.629138
0.660269 282 0.629297
0.660269 281 0.629374
0.660269 280 0.629947
0.660269 279 0.632373
0.660269 278 0.633058
0.660269 277 0.633087
0.660269 276 0.633234
0.660269 275 0.633829
0.660269 274 0.635113
0.660269 273 0.636228
0.660269 272 0.636488
0.660269 271 0.637855
0.660269 270 0.638339
0.660269 269 0.638479
0.660269 268 0.639021
0.660269 267 0.639142
0.660269 266 0.640934
0.660269 265 0.642328
0.660269 264 0.642699
0.660269 263 0.642799
0.660269 262 0.643202
0.658349 262 0.643303
0.658349 261 0.643683
0.658349 260 0.644221
0.658349 259 0.644321
0.658349 258 0.644382
0.658349 257 0.644543
0.65643 257 0.644795
0.654511 257 0.64529
0.654511 256 0.6453
0.654511 255 0.645507
0.654511 254 0.646218
0.654511 253 0.646246
0.654511 252 0.646598
0.654511 251 0.647147
0.654511 250 0.647279
0.654511 249 0.647364
0.654511 248 0.648096
0.652591 248 0.649593
0.652591 247 0.649597
0.652591 246 0.649654
0.650672 246 0.650488
0.650672 245 0.651038
0.650672 244 0.651412
0.650672 243 0.652792
0.650672 242 0.653463
0.650672 241 0.654114
0.650672 240 0.654375
0.650672 239 0.654674
0.650672 238 0.655729
0.648752 238 0.655772
0.648752 237 0.655963
0.648752 236 0.65673
0.646833 236 0.656794
0.646833 235 0.657158
0.646833 234 0.657374
0.646833 233 0.659212
0.646833 232 0.660139
0.646833 231 0.660324
0.646833 230 0.660718
0.644914 230 0.661015
0.644914 229 0.664188
0.644914 228 0.664279
0.644914 227 0.664492
0.644914 226 0.664604
0.642994 226 0.664752
0.642994 225 0.666466
0.642994 224 0.667027
0.641075 224 0.669533
0.641075 223 0.669776
0.641075 222 0.670358
0.641075 221 0.670542
0.641075 220 0.670649
0.641075 219 0.671011
0.641075 218 0.671159
0.641075 217 0.673819
0.641075 216 0.675281
0.641075 215 0.677237
0.641075 214 0.67765
0.641075 213 0.678031
0.641075 212 0.679466
0.641075 211 0.679788
0.639155 211 0.680345
0.639155 210 0.680412
0.639155 209 0.682828
0.637236 209 0.687045
0.637236 208 0.687407
0.637236 207 0.688853
0.637236 206 0.68917
0.637236 205 0.69128
0.637236 204 0.691858
0.637236 203 0.691966
0.637236 202 0.693909
0.637236 201 0.694282
0.637236 200 0.695014
0.637236 199 0.69572
0.637236 198 0.696177
0.637236 197 0.697563
0.637236 196 0.699389
0.637236 195 0.699438
0.637236 194 0.700347
0.635317 194 0.701151
0.635317 193 0.701282
0.633397 193 0.701812
0.633397 192 0.701843
0.633397 191 0.703156
0.633397 190 0.703518
0.631478 190 0.705362
0.631478 189 0.706084
0.629559 189 0.706121
0.629559 188 0.706156
0.629559 187 0.708
0.629559 186 0.708256
0.629559 185 0.709813
0.629559 184 0.711289
0.629559 183 0.711435
0.629559 182 0.715112
0.629559 181 0.71523
0.627639 181 0.71532
0.627639 180 0.718251
0.627639 179 0.719262
0.627639 178 0.719274
0.627639 177 0.71972
0.627639 176 0.721464
0.627639 175 0.72205
0.627639 174 0.723055
0.62572 174 0.723356
0.6238 174 0.7244
0.621881 174 0.725066
0.621881 173 0.725858
0.621881 172 0.726864
0.619962 172 0.728464
0.619962 171 0.729225
0.619962 170 0.729444
0.619962 169 0.729844
0.619962 168 0.730263
0.619962 167 0.731026
0.619962 166 0.73116
0.619962 165 0.732273
0.619962 164 0.733452
0.619962 163 0.733776
0.619962 162 0.73398
0.618042 162 0.734733
0.618042 161 0.735161
0.618042 160 0.735301
0.618042 159 0.735706
0.618042 158 0.736543
0.618042 157 0.736596
0.616123 157 0.738541
0.616123 156 0.739624
0.616123 155 0.739638
0.616123 154 0.740932
0.616123 153 0.741394
0.616123 152 0.741758
0.614203 152 0.744472
0.614203 151 0.745456
0.614203 150 0.745721
0.614203 149 0.747392
0.614203 148 0.748576
0.612284 148 0.750155
0.610365 148 0.750814
0.610365 147 0.752248
0.610365 146 0.752285
0.608445 146 0.752866
0.608445 145 0.752949
0.606526 145 0.753037
0.606526 144 0.753503
0.606526 143 0.754466
0.606526 142 0.754906
0.606526 141 0.755999
0.606526 140 0.756064
0.606526 139 0.757209
0.606526 138 0.758161
0.606526 137 0.758266
0.604607 137 0.759017
0.604607 136 0.759624
0.604607 135 0.75983
0.604607 134 0.761417
0.604607 133 0.762464
0.602687 133 0.762693
0.602687 132 0.762746
0.602687 131 0.765325
0.600768 131 0.766232
0.600768 130 0.766575
0.598848 130 0.766724
0.598848 129 0.767644
0.598848 128 0.767855
0.598848 127 0.768067
0.596929 127 0.77104
0.596929 126 0.771694
0.596929 125 0.772561
0.596929 124 0.772845
0.59501 124 0.774571
0.59501 123 0.775509
0.59501 122 0.775701
0.59501 121 0.776289
0.59501 120 0.776461
0.59501 119 0.776675
0.59501 118 0.778127
0.59309 118 0.778584
0.59309 117 0.77991
0.59309 116 0.780803
0.59309 115 0.780961
0.59309 114 0.782541
0.59309 113 0.782701
0.591171 113 0.782897
0.591171 112 0.782996
0.589251 112 0.785712
0.589251 111 0.786082
0.587332 111 0.789038
0.585413 111 0.789189
0.585413 110 0.789271
0.583493 110 0.78988
0.583493 109 0.791865
0.583493 108 0.793146
0.583493 107 0.793395
0.583493 106 0.793989
0.583493 105 0.795068
0.583493 104 0.795153
0.581574 104 0.796103
0.581574 103 0.800038
0.581574 102 0.801465
0.579655 102 0.8027
0.579655 101 0.803353
0.579655 100 0.803457
0.579655 99 0.803655
0.577735 99 0.803753
0.577735 98 0.804943
0.575816 98 0.805128
0.573896 98 0.805892
0.573896 97 0.806626
0.571977 97 0.807067
0.571977 96 0.808809
0.570058 96 0.810501
0.570058 95 0.810616
0.570058 94 0.813281
0.570058 93 0.813374
0.568138 93 0.813721
0.568138 92 0.814256
0.568138 91 0.817209
0.568138 90 0.817847
0.568138 89 0.81971
0.566219 89 0.819772
0.566219 88 0.821114
0.566219 87 0.821451
0.564299 87 0.821625
0.564299 86 0.823045
0.564299 85 0.823408
0.564299 84 0.82397
0.564299 83 0.824673
0.564299 82 0.824845
0.56238 82 0.826028
0.56238 81 0.826575
0.560461 81 0.827443
0.560461 80 0.827857
0.558541 80 0.828519
0.558541 79 0.829549
0.558541 78 0.829788
0.556622 78 0.829818
0.554702 78 0.830581
0.554702 77 0.831028
0.552783 77 0.831674
0.550864 77 0.833787
0.548944 77 0.834234
0.548944 76 0.83552
0.548944 75 0.836389
0.547025 75 0.836777
0.547025 74 0.841082
0.545106 74 0.841144
0.545106 73 0.84214
0.545106 72 0.847314
0.543186 72 0.847977
0.541267 72 0.848424
0.541267 71 0.84869
0.539347 71 0.850486
0.539347 70 0.850685
0.539347 69 0.850897
0.537428 69 0.85135
0.535509 69 0.851838
0.533589 69 0.852116
0.53167 69 0.852119
0.53167 68 0.852517
0.53167 67 0.856042
0.52975 67 0.857019
0.527831 67 0.857111
0.527831 66 0.857119
0.525912 66 0.857519
0.525912 65 0.857701
0.525912 64 0.858771
0.525912 63 0.859221
0.525912 62 0.860767
0.525912 61 0.861401
0.523992 61 0.862212
0.522073 61 0.863611
0.522073 60 0.863659
0.522073 59 0.86386
0.520154 59 0.864241
0.518234 59 0.864495
0.516315 59 0.866926
0.516315 58 0.867024
0.514395 58 0.867929
0.514395 57 0.868096
0.514395 56 0.868969
0.514395 55 0.869218
0.514395 54 0.869424
0.512476 54 0.870107
0.510557 54 0.870273
0.508637 54 0.871736
0.508637 53 0.873785
0.508637 52 0.875602
0.508637 51 0.87588
0.506718 51 0.876087
0.504798 51 0.877319
0.502879 51 0.877405
0.50096 51 0.878255
0.49904 51 0.8792
0.49904 50 0.880943
0.497121 50 0.881486
0.495202 50 0.881553
0.495202 49 0.881947
0.493282 49 0.882082
0.491363 49 0.882438
0.491363 48 0.882536
0.491363 47 0.883367
0.489443 47 0.884168
0.489443 46 0.884229
0.487524 46 0.884828
0.485605 46 0.885164
0.485605 45 0.885597
0.483685 45 0.887324
0.481766 45 0.887714
0.479846 45 0.888494
0.477927 45 0.89055
0.476008 45 0.890625
0.476008 44 0.890751
0.476008 43 0.89186
0.474088 43 0.892316
0.472169 43 0.892483
0.47025 43 0.892696
0.46833 43 0.892792
0.466411 43 0.892862
0.466411 42 0.892878
0.464491 42 0.893865
0.462572 42 0.895163
0.462572 41 0.89715
0.460653 41 0.89843
0.460653 40 0.900793
0.460653 39 0.903938
0.460653 38 0.904467
0.458733 38 0.905089
0.458733 37 0.905343
0.458733 36 0.905773
0.458733 35 0.906525
0.456814 35 0.910878
0.454894 35 0.911237
0.452975 35 0.911839
0.452975 34 0.912512
0.452975 33 0.912663
0.452975 32 0.915618
0.452975 31 0.916107
0.451056 31 0.917043
0.451056 30 0.917079
0.451056 29 0.917611
0.449136 29 0.918828
0.447217 29 0.920293
0.445298 29 0.920742
0.445298 28 0.922624
0.443378 28 0.923134
0.441459 28 0.923668
0.439539 28 0.923683
0.439539 27 0.925895
0.439539 26 0.926744
0.43762 26 0.926888
0.435701 26 0.927168
0.433781 26 0.928152
0.433781 25 0.930023
0.431862 25 0.931981
0.429942 25 0.93325
0.429942 24 0.934246
0.428023 24 0.937829
0.428023 23 0.938874
0.426104 23 0.939687
0.424184 23 0.939835
0.422265 23 0.940933
0.420345 23 0.941069
0.418426 23 0.942024
0.416507 23 0.943889
0.414587 23 0.945923
0.412668 23 0.946983
0.410749 23 0.947634
0.408829 23 0.948206
0.40691 23 0.948945
0.40691 22 0.94947
0.40499 22 0.950106
0.40499 21 0.951123
0.403071 21 0.951738
0.401152 21 0.95252
0.399232 21 0.953388
0.399232 20 0.954494
0.397313 20 0.955753
0.397313 19 0.956494
0.395393 19 0.95655
0.393474 19 0.956757
0.393474 18 0.957534
0.391555 18 0.959317
0.389635 18 0.95975
0.387716 18 0.960348
0.385797 18 0.960824
0.383877 18 0.962038
0.381958 18 0.962165
0.380038 18 0.962516
0.378119 18 0.962538
0.378119 17 0.96261
0.3762 17 0.962646
0.37428 17 0.963336
0.372361 17 0.963427
0.370441 17 0.964231
0.368522 17 0.965393
0.366603 17 0.965776
0.364683 17 0.966071
0.362764 17 0.967463
0.360845 17 0.968037
0.358925 17 0.968239
0.357006 17 0.968287
0.355086 17 0.968357
0.353167 17 0.96905
0.353167 16 0.969537
0.353167 15 0.969656
0.353167 14 0.970125
0.351248 14 0.970678
0.349328 14 0.971739
0.349328 13 0.972199
0.347409 13 0.972268
0.345489 13 0.972964
0.34357 13 0.973717
0.341651 13 0.973966
0.339731 13 0.974495
0.337812 13 0.975199
0.335893 13 0.975338
0.335893 12 0.975486
0.333973 12 0.975712
0.332054 12 0.976149
0.330134 12 0.97651
0.330134 11 0.977654
0.328215 11 0.979656
0.326296 11 0.979967
0.324376 11 0.980087
0.322457 11 0.98015
0.320537 11 0.980597
0.318618 11 0.980628
0.316699 11 0.980962
0.314779 11 0.981508
0.31286 11 0.982186
0.309021 11 0.98254
0.307102 11 0.982738
0.305182 11 0.984089
0.303263 11 0.984266
0.301344 11 0.984938
0.299424 11 0.985353
0.297505 11 0.985548
0.295585 11 0.985553
0.293666 11 0.985817
0.291747 11 0.985978
0.289827 11 0.986579
0.287908 11 0.986605
0.285988 11 0.986916
0.285988 10 0.986976
0.284069 10 0.987003
0.28215 10 0.987359
0.28215 9 0.987432
0.28023 9 0.987513
0.278311 9 0.987574
0.276392 9 0.987823
0.274472 9 0.988177
0.272553 9 0.988328
0.270633 9 0.988366
0.268714 9 0.988945
0.266795 9 0.989334
0.266795 8 0.989359
0.264875 8 0.989554
0.262956 8 0.989656
0.261036 8 0.989692
0.259117 8 0.990519
0.257198 8 0.991055
0.255278 8 0.99118
0.253359 8 0.991612
0.25144 8 0.991736
0.24952 8 0.991914
0.247601 8 0.992074
0.245681 8 0.992614
0.243762 8 0.992728
0.241843 8 0.992813
0.239923 8 0.99303
0.238004 8 0.993202
0.236084 8 0.993263
0.234165 8 0.993282
0.232246 8 0.993841
0.230326 8 0.993885
0.228407 8 0.993899
0.226488 8 0.994034
0.224568 8 0.994233
0.222649 8 0.994454
0.220729 8 0.994699
0.21881 8 0.994803
0.216891 8 0.99502
0.216891 7 0.995299
0.214971 7 0.995323
0.213052 7 0.995402
0.211132 7 0.995425
0.209213 7 0.995439
0.209213 6 0.99552
0.209213 5 0.995651
0.209213 4 0.995757
0.207294 4 0.995972
0.205374 4 0.995985
0.203455 4 0.995994
0.201536 4 0.996167
0.199616 4 0.996177
0.199616 3 0.996199
0.197697 3 0.996286
0.195777 3 0.996295
0.193858 3 0.996458
0.191939 3 0.996693
0.190019 3 0.996698
0.1881 3 0.996727
0.18618 3 0.997147
0.184261 3 0.997171
0.182342 3 0.99725
0.180422 3 0.997359
0.178503 3 0.997528
0.176583 3 0.9976
0.174664 3 0.997684
0.172745 3 0.9977
0.170825 3 0.997752
0.168906 3 0.997756
0.166987 3 0.997758
0.165067 3 0.997796
0.163148 3 0.997819
0.161228 3 0.997863
0.159309 3 0.998021
0.15739 3 0.998127
0.15547 3 0.998141
0.153551 3 0.998207
0.151631 3 0.998222
0.149712 3 0.998328
0.147793 2 0.998535
0.145873 2 0.998686
0.143954 2 0.998689
0.142035 2 0.998765
0.140115 2 0.998821
0.138196 2 0.998828
0.134357 2 0.998858
0.132438 2 0.998859
0.130518 2 0.999001
0.128599 2 0.999075
0.126679 2 0.999077
0.12476 2 0.999082
0.122841 2 0.999102
0.120921 2 0.999134
0.119002 2 0.999138
0.117083 2 0.999143
0.115163 2 0.999158
0.113244 2 0.999218
0.111324 2 0.999312
0.109405 2 0.999317
0.107486 2 0.999327
0.105566 2 0.999337
0.103647 2 0.999357
0.101727 2 0.999382
0.0998081 2 0.999415
0.0978887 2 0.999419
0.0959693 2 0.999424
0.0940499 2 0.999455
0.0921305 2 0.999488
0.0902111 2 0.999516
0.0882917 2 0.99953
0.0863724 2 0.999568
0.0863724 1 0.999575
0.084453 1 0.999663
0.0825336 1 0.999712
0.0825336 0 0.999735
0.0806142 0 0.999758
0.0786948 0 0.999785
0.0767754 0 0.999792
0.074856 0 0.999799
0.0729367 0 0.999808
0.0710173 0 0.999821
0.0690979 0 0.999827
0.0671785 0 0.99984
0.0652591 0 0.999856
0.0633397 0 0.999868
0.0614203 0 0.999874
0.059501 0 0.999877
0.0556622 0 0.999898
0.0537428 0 0.999908
0.0518234 0 0.999909
0.049904 0 0.999915
0.0479846 0 0.999919
0.0460653 0 0.999925
0.0441459 0 0.999932
0.0422265 0 0.999936
0.0403071 0 0.999946
0.0383877 0 0.999956
0.0364683 0 0.999958
0.0345489 0 0.999962
0.0326296 0 0.999963
0.0287908 0 0.999973
0.0268714 0 0.999974
0.0230326 0 0.999978
0.0191939 0 0.999981
0.0172745 0 0.999983
0.0153551 0 0.999986
0.0134357 0 0.999988
0.0115163 0 0.999992
0.00959693 0 0.999995
0.00767754 0 0.999999
0.00383877 0 1
0 0 1.79769e+308
