0.612717 1864 0.100079
0.612717 1863 0.100163
0.612717 1862 0.100174
0.612717 1861 0.100291
0.612717 1860 0.100365
0.612717 1859 0.100397
0.612717 1858 0.100733
0.612717 1857 0.100849
0.612717 1855 0.101094
0.612717 1854 0.101249
0.612717 1853 0.101325
0.612717 1852 0.101431
0.612717 1851 0.101609
0.612717 1850 0.101741
0.612717 1849 0.101817
0.612717 1848 0.102011
0.612717 1847 0.102057
0.612717 1846 0.102184
0.612717 1845 0.102294
0.612717 1844 0.102513
0.612717 1843 0.102664
0.612717 1842 0.102699
0.612717 1841 0.102919
0.612717 1840 0.102963
0.612717 1839 0.103049
0.612717 1838 0.10309
0.612717 1837 0.103206
0.612717 1836 0.10331
0.612717 1835 0.103359
0.612717 1834 0.103408
0.612717 1833 0.103436
0.612717 1832 0.103459
0.612717 1831 0.1035
0.612717 1830 0.104177
0.612717 1829 0.104283
0.612717 1828 0.104294
0.612717 1827 0.104546
0.612717 1826 0.104801
0.612717 1825 0.104802
0.612717 1824 0.105115
0.612717 1823 0.10527
0.612717 1822 0.105283
0.612717 1821 0.105474
0.612717 1819 0.105478
0.612717 1818 0.105543
0.612717 1817 0.1058
0.612717 1816 0.105855
0.612717 1815 0.105987
0.612717 1814 0.106479
0.612717 1813 0.106909
0.612717 1812 0.107288
0.612717 1811 0.107332
0.612717 1810 0.107441
0.612717 1809 0.107805
0.612717 1808 0.10787
0.612717 1807 0.108156
0.612717 1806 0.108529
0.612717 1805 0.108621
0.612717 1804 0.108993
0.612717 1803 0.109074
0.612717 1802 0.109103
0.612717 1801 0.109272
0.612717 1800 0.109391
0.612717 1799 0.109456
0.612717 1798 0.109493
0.612717 1797 0.109674
0.612717 1796 0.109719
0.612717 1795 0.109728
0.612717 1794 0.109751
0.612717 1793 0.109795
0.612717 1792 0.110033
0.612717 1791 0.110131
0.612717 1790 0.110346
0.612717 1789 0.110484
0.612717 1788 0.110511
0.612717 1787 0.110553
0.612717 1786 0.110735
0.612717 1785 0.110907
0.612717 1784 0.110918
0.612717 1783 0.111021
0.612717 1782 0.111062
0.612717 1781 0.11118
0.612717 1780 0.111192
0.612717 1779 0.111255
0.612717 1778 0.111376
0.612717 1777 0.11152
0.612717 1776 0.111668
0.612717 1775 0.111737
0.612717 1774 0.11178
0.612717 1773 0.111852
0.612717 1772 0.111954
0.612717 1771 0.112022
0.612717 1770 0.112337
0.612717 1769 0.112352
0.612717 1768 0.112377
0.612717 1767 0.112402
0.612717 1766 0.112513
0.612717 1765 0.112638
0.612717 1764 0.11275
0.612717 1763 0.113092
0.612717 1762 0.113169
0.612717 1761 0.113209
0.612717 1760 0.113293
0.612717 1759 0.11348
0.612717 1758 0.113915
0.612717 1757 0.113968
0.612717 1756 0.113972
0.612717 1755 0.11421
0.612717 1753 0.114246
0.612717 1752 0.114289
0.612717 1751 0.114306
0.612717 1750 0.114385
0.612717 1749 0.114503
0.612717 1748 0.11461
0.612717 1747 0.114727
0.612717 1746 0.114774
0.612717 1745 0.11493
0.612717 1744 0.115065
0.612717 1743 0.115167
0.612717 1742 0.115257
0.612717 1741 0.115326
0.612717 1740 0.115469
0.612717 1739 0.115641
0.612717 1738 0.115827
0.612717 1737 0.116029
0.612717 1736 0.116262
0.612717 1735 0.116339
0.612717 1733 0.116347
0.612717 1732 0.116525
0.612717 1731 0.117088
0.612717 1730 0.117151
0.612717 1728 0.117234
0.612717 1727 0.117728
0.612717 1726 0.117798
0.612717 1725 0.117868
0.612717 1724 0.117883
0.612717 1723 0.117915
0.612717 1722 0.118133
0.612717 1721 0.118257
0.612717 1720 0.118367
0.612717 1719 0.118387
0.612717 1718 0.118418
0.612717 1717 0.118476
0.612717 1716 0.118591
0.612717 1715 0.118599
0.612717 1714 0.118952
0.612717 1713 0.119129
0.612717 1712 0.1194
0.612717 1711 0.119477
0.612717 1710 0.119509
0.612717 1709 0.119525
0.612717 1708 0.119826
0.612717 1707 0.119979
0.612717 1706 0.119993
0.612717 1705 0.120006
0.612717 1704 0.120193
0.612717 1703 0.120399
0.612717 1702 0.120806
0.612717 1701 0.120812
0.612717 1700 0.120819
0.612717 1699 0.120991
0.612717 1698 0.121099
0.612717 1697 0.121619
0.612717 1696 0.121782
0.612717 1695 0.121906
0.612717 1694 0.122022
0.612717 1693 0.122047
0.612717 1692 0.122124
0.612717 1691 0.122383
0.612717 1690 0.122417
0.612717 1689 0.122475
0.612717 1688 0.12291
0.612717 1687 0.123172
0.612717 1686 0.123271
0.612717 1685 0.123442
0.612717 1684 0.123738
0.612717 1683 0.123762
0.612717 1682 0.123818
0.612717 1681 0.124095
0.612717 1680 0.124763
0.612717 1679 0.125291
0.612717 1678 0.125308
0.612717 1677 0.125436
0.612717 1676 0.125505
0.612717 1675 0.125524
0.612717 1674 0.125586
0.612717 1673 0.125929
0.612717 1672 0.126222
0.612717 1671 0.126377
0.612717 1670 0.126447
0.612717 1669 0.126663
0.612717 1668 0.12675
0.612717 1667 0.126872
0.612717 1666 0.127095
0.612717 1665 0.127114
0.612717 1664 0.127224
0.612717 1663 0.12738
0.612717 1662 0.127565
0.612717 1661 0.127914
0.612717 1660 0.128223
0.612717 1659 0.128322
0.612717 1658 0.128478
0.612717 1657 0.128602
0.612717 1656 0.128671
0.612717 1655 0.128774
0.612717 1654 0.12879
0.612717 1653 0.128827
0.612717 1652 0.128932
0.612717 1651 0.129338
0.612717 1650 0.129559
0.612717 1649 0.129646
0.612717 1648 0.129767
0.612717 1647 0.129901
0.612717 1646 0.129919
0.612717 1645 0.130127
0.612717 1644 0.130437
0.612717 1643 0.130551
0.612717 1642 0.130762
0.612717 1641 0.130881
0.612717 1640 0.130975
0.612717 1639 0.131007
0.612717 1638 0.131057
0.612717 1637 0.131473
0.612717 1636 0.131581
0.612717 1635 0.131674
0.612717 1634 0.132007
0.612717 1633 0.132064
0.612717 1632 0.132122
0.612717 1631 0.132238
0.612717 1630 0.132456
0.612717 1629 0.132527
0.612717 1628 0.132651
0.612717 1627 0.132684
0.612717 1626 0.132862
0.612717 1625 0.132879
0.612717 1624 0.132916
0.612717 1623 0.132988
0.612717 1622 0.133021
0.612717 1620 0.133116
0.612717 1619 0.133302
0.612717 1618 0.133354
0.612717 1617 0.133552
0.612717 1616 0.133581
0.612717 1615 0.133918
0.612717 1614 0.134131
0.612717 1613 0.134168
0.612717 1612 0.134255
0.612717 1611 0.134265
0.612717 1610 0.134381
0.612717 1609 0.134516
0.612717 1608 0.134555
0.612717 1607 0.134722
0.612717 1606 0.134747
0.612717 1605 0.134762
0.612717 1604 0.134945
0.612717 1603 0.135016
0.612717 1602 0.135302
0.612717 1601 0.135304
0.612717 1600 0.135379
0.612717 1599 0.135488
0.612717 1598 0.135588
0.612717 1597 0.135835
0.612717 1596 0.136433
0.612717 1595 0.136608
0.612717 1594 0.136842
0.612717 1593 0.137038
0.612717 1592 0.137042
0.612717 1591 0.13707
0.612717 1590 0.137137
0.612717 1589 0.137155
0.612717 1588 0.137263
0.612717 1587 0.137298
0.612717 1586 0.13741
0.612717 1585 0.137569
0.612717 1584 0.137739
0.612717 1583 0.137744
0.612717 1582 0.138041
0.612717 1581 0.138352
0.612717 1580 0.138727
0.612717 1579 0.139232
0.612717 1578 0.139322
0.612717 1577 0.139343
0.612717 1576 0.13945
0.612717 1575 0.139527
0.612717 1574 0.139561
0.612717 1573 0.139966
0.612717 1572 0.139978
0.612717 1571 0.139991
0.612717 1570 0.140145
0.612717 1569 0.140156
0.612717 1568 0.140157
0.612717 1567 0.140277
0.612717 1566 0.140322
0.612717 1565 0.140323
0.612717 1564 0.140762
0.612717 1563 0.14101
0.612717 1562 0.141196
0.612717 1561 0.141237
0.612717 1560 0.141298
0.612717 1559 0.1413
0.612717 1558 0.141311
0.612717 1557 0.141501
0.612717 1556 0.141661
0.612717 1555 0.141828
0.612717 1554 0.141844
0.612717 1553 0.142025
0.612717 1552 0.14222
0.612717 1551 0.142499
0.612717 1550 0.142661
0.612717 1549 0.142672
0.612717 1548 0.142882
0.612717 1547 0.142936
0.612717 1546 0.143055
0.612717 1545 0.143115
0.612717 1544 0.143156
0.612717 1543 0.143486
0.612717 1542 0.14399
0.612717 1541 0.144186
0.612717 1540 0.144329
0.612717 1539 0.144436
0.612717 1538 0.144574
0.612717 1537 0.144769
0.612717 1536 0.145075
0.612717 1535 0.145466
0.612717 1534 0.145689
0.612717 1533 0.145852
0.612717 1532 0.146007
0.612717 1531 0.146039
0.612717 1530 0.146193
0.612717 1529 0.146518
0.612717 1528 0.146676
0.612717 1527 0.146692
0.612717 1526 0.146709
0.612717 1525 0.146773
0.612717 1524 0.146876
0.612717 1523 0.147003
0.612717 1522 0.147144
0.612717 1521 0.147178
0.612717 1520 0.147293
0.612717 1519 0.147595
0.612717 1518 0.147664
0.612717 1517 0.147945
0.612717 1516 0.14818
0.612717 1515 0.148216
0.612717 1514 0.148224
0.612717 1513 0.149218
0.612717 1512 0.14949
0.612717 1511 0.149657
0.612717 1510 0.149776
0.612717 1509 0.14995
0.612717 1508 0.150404
0.612717 1507 0.150705
0.612717 1506 0.150874
0.612717 1505 0.150997
0.612717 1504 0.151168
0.612717 1503 0.151193
0.612717 1502 0.151358
0.612717 1501 0.151383
0.612717 1500 0.151403
0.612717 1499 0.15152
0.612717 1498 0.151636
0.612717 1497 0.151695
0.612717 1496 0.152014
0.612717 1495 0.152106
0.612717 1494 0.152734
0.612717 1493 0.152878
0.612717 1492 0.153469
0.612717 1491 0.153587
0.612717 1490 0.153589
0.612717 1489 0.154204
0.612717 1488 0.154364
0.612717 1487 0.154533
0.612717 1486 0.154593
0.612717 1485 0.154703
0.612717 1484 0.155087
0.612717 1483 0.155163
0.612717 1482 0.155269
0.612717 1481 0.155389
0.612717 1480 0.155754
0.612717 1479 0.156368
0.612717 1478 0.156456
0.612717 1477 0.156457
0.612717 1476 0.156849
0.612717 1475 0.156946
0.612717 1474 0.15741
0.612717 1473 0.157558
0.612717 1472 0.157559
0.612717 1471 0.158039
0.612717 1470 0.158376
0.612717 1469 0.158899
0.612717 1468 0.159408
0.612717 1467 0.159946
0.612717 1466 0.160288
0.612717 1465 0.160414
0.612717 1464 0.16071
0.612717 1463 0.16078
0.612717 1462 0.161141
0.612717 1461 0.161545
0.612717 1460 0.161891
0.612717 1459 0.16194
0.612717 1458 0.162851
0.612717 1457 0.162886
0.612717 1456 0.163488
0.612717 1455 0.16356
0.612717 1454 0.163587
0.612717 1453 0.163852
0.612717 1452 0.163898
0.612717 1451 0.163993
0.61079 1451 0.164168
0.61079 1450 0.164407
0.61079 1449 0.164659
0.61079 1448 0.164691
0.61079 1447 0.164769
0.61079 1446 0.164816
0.61079 1445 0.16568
0.61079 1444 0.165702
0.61079 1443 0.166174
0.61079 1442 0.166228
0.61079 1441 0.166289
0.61079 1440 0.166754
0.61079 1439 0.167114
0.61079 1438 0.167305
0.61079 1437 0.167782
0.61079 1436 0.167864
0.61079 1435 0.167909
0.61079 1434 0.16803
0.61079 1433 0.168327
0.61079 1432 0.168869
0.61079 1431 0.169164
0.61079 1430 0.169306
0.61079 1429 0.169349
0.61079 1428 0.169533
0.61079 1427 0.169556
0.61079 1426 0.16957
0.61079 1425 0.170105
0.61079 1424 0.170361
0.61079 1423 0.170734
0.61079 1422 0.171007
0.61079 1421 0.171083
0.61079 1420 0.171204
0.61079 1419 0.171382
0.61079 1418 0.172303
0.61079 1417 0.172744
0.61079 1416 0.17295
0.61079 1415 0.173248
0.61079 1414 0.173387
0.61079 1413 0.173523
0.61079 1412 0.173816
0.61079 1411 0.173936
0.61079 1410 0.17474
0.61079 1409 0.174862
0.61079 1408 0.17513
0.61079 1407 0.175454
0.61079 1406 0.175896
0.61079 1405 0.176998
0.61079 1404 0.177246
0.61079 1403 0.177826
0.61079 1402 0.178381
0.608863 1402 0.178464
0.608863 1401 0.178579
0.608863 1400 0.179156
0.608863 1399 0.17948
0.608863 1398 0.18007
0.608863 1397 0.180658
0.608863 1396 0.180791
0.608863 1395 0.181291
0.608863 1394 0.181494
0.608863 1393 0.182019
0.608863 1392 0.182098
0.608863 1391 0.182183
0.608863 1390 0.18248
0.608863 1389 0.182798
0.608863 1388 0.182949
0.608863 1387 0.183293
0.608863 1386 0.183301
0.608863 1385 0.183489
0.608863 1384 0.183724
0.608863 1383 0.183889
0.608863 1382 0.183917
0.608863 1381 0.184063
0.608863 1380 0.184371
0.608863 1379 0.184464
0.608863 1378 0.184975
0.608863 1377 0.185117
0.608863 1376 0.186275
0.608863 1375 0.186538
0.608863 1374 0.186786
0.608863 1373 0.186877
0.608863 1372 0.187348
0.608863 1371 0.187435
0.608863 1370 0.187549
0.608863 1369 0.187964
0.608863 1368 0.188056
0.608863 1367 0.18825
0.608863 1366 0.188414
0.608863 1365 0.188434
0.608863 1364 0.188456
0.608863 1363 0.188468
0.608863 1362 0.188767
0.608863 1361 0.18889
0.608863 1360 0.189061
0.608863 1359 0.189217
0.608863 1358 0.189411
0.608863 1357 0.189422
0.608863 1356 0.189663
0.608863 1355 0.189971
0.608863 1354 0.190269
0.608863 1353 0.190301
0.608863 1352 0.190634
0.608863 1351 0.191735
0.608863 1350 0.192004
0.608863 1349 0.19209
0.608863 1348 0.192967
0.608863 1347 0.193178
0.608863 1346 0.193381
0.608863 1345 0.193689
0.608863 1344 0.19417
0.608863 1343 0.194497
0.608863 1342 0.194564
0.608863 1341 0.195008
0.608863 1340 0.195375
0.608863 1339 0.195467
0.608863 1338 0.195766
0.608863 1337 0.195844
0.608863 1336 0.195976
0.608863 1335 0.196128
0.608863 1334 0.196347
0.608863 1333 0.196385
0.608863 1332 0.196959
0.608863 1331 0.197013
0.608863 1330 0.198148
0.608863 1329 0.198864
0.608863 1328 0.198982
0.608863 1327 0.199021
0.608863 1326 0.199674
0.608863 1325 0.199954
0.608863 1324 0.199981
0.608863 1323 0.2008
0.606936 1323 0.200812
0.606936 1322 0.201008
0.606936 1321 0.201046
0.606936 1320 0.201453
0.606936 1319 0.201516
0.606936 1318 0.201942
0.606936 1317 0.202015
0.606936 1316 0.202241
0.606936 1315 0.202351
0.606936 1314 0.202368
0.606936 1313 0.20251
0.606936 1312 0.203073
0.606936 1311 0.204323
0.606936 1310 0.204334
0.606936 1309 0.204344
0.606936 1308 0.204577
0.606936 1307 0.204958
0.606936 1306 0.205341
0.606936 1305 0.205395
0.606936 1304 0.205527
0.606936 1303 0.206342
0.606936 1302 0.206664
0.606936 1301 0.207024
0.606936 1300 0.207041
0.606936 1299 0.207607
0.606936 1298 0.207875
0.606936 1297 0.208539
0.606936 1296 0.209612
0.606936 1295 0.209828
0.606936 1294 0.209856
0.606936 1293 0.210905
0.606936 1292 0.211338
0.606936 1291 0.211891
0.606936 1290 0.211896
0.606936 1289 0.211998
0.606936 1288 0.212116
0.606936 1287 0.212401
0.606936 1286 0.212886
0.606936 1285 0.2132
0.606936 1284 0.213561
0.606936 1283 0.213808
0.606936 1282 0.214212
0.606936 1281 0.214269
0.606936 1280 0.214342
0.606936 1279 0.214768
0.606936 1278 0.214848
0.606936 1277 0.215137
0.606936 1276 0.215223
0.606936 1275 0.215356
0.606936 1274 0.215734
0.606936 1273 0.215818
0.606936 1272 0.215884
0.606936 1271 0.216247
0.606936 1270 0.216449
0.606936 1269 0.216575
0.606936 1268 0.217119
0.606936 1267 0.217334
0.606936 1266 0.217617
0.606936 1265 0.217887
0.606936 1264 0.217965
0.606936 1263 0.218331
0.606936 1262 0.218385
0.606936 1261 0.219112
0.606936 1260 0.219617
0.606936 1259 0.220231
0.606936 1258 0.220391
0.606936 1257 0.220978
0.606936 1256 0.221036
0.606936 1255 0.221294
0.606936 1254 0.221402
0.606936 1253 0.221681
0.606936 1252 0.222121
0.606936 1251 0.222192
0.606936 1250 0.222425
0.606936 1249 0.222792
0.606936 1248 0.22282
0.606936 1247 0.222852
0.606936 1246 0.223078
0.606936 1245 0.223195
0.606936 1244 0.223339
0.606936 1243 0.223491
0.606936 1242 0.223582
0.606936 1241 0.22373
0.606936 1240 0.225364
0.606936 1239 0.225819
0.606936 1238 0.22589
0.606936 1237 0.225991
0.606936 1236 0.226281
0.606936 1235 0.226768
0.606936 1234 0.227417
0.606936 1233 0.227869
0.606936 1232 0.228136
0.606936 1231 0.228656
0.606936 1230 0.228927
0.606936 1229 0.229426
0.606936 1228 0.229809
0.606936 1226 0.229939
0.606936 1225 0.230051
0.606936 1224 0.23017
0.606936 1223 0.23034
0.606936 1222 0.230581
0.606936 1221 0.231667
0.606936 1220 0.232888
0.606936 1219 0.233044
0.606936 1218 0.233243
0.606936 1217 0.234125
0.606936 1216 0.234139
0.606936 1215 0.234656
0.606936 1214 0.236099
0.606936 1213 0.23673
0.606936 1212 0.236766
0.606936 1211 0.236862
0.606936 1210 0.237418
0.606936 1209 0.238155
0.606936 1208 0.238209
0.606936 1207 0.238597
0.606936 1206 0.23865
0.606936 1204 0.238691
0.606936 1203 0.238782
0.606936 1202 0.238802
0.606936 1201 0.239349
0.606936 1200 0.240537
0.606936 1199 0.242021
0.606936 1198 0.242481
0.606936 1197 0.242532
0.606936 1196 0.242764
0.606936 1195 0.243572
0.606936 1194 0.244189
0.606936 1193 0.244361
0.606936 1192 0.244622
0.606936 1191 0.244654
0.606936 1190 0.244668
0.606936 1189 0.244868
0.606936 1188 0.245165
0.606936 1187 0.246451
0.606936 1186 0.246908
0.606936 1185 0.247897
0.606936 1184 0.248574
0.606936 1183 0.24874
0.606936 1182 0.248934
0.606936 1181 0.249294
0.606936 1180 0.249707
0.606936 1179 0.250242
0.606936 1178 0.250584
0.606936 1177 0.250585
0.606936 1176 0.250598
0.606936 1175 0.250704
0.606936 1174 0.250789
0.606936 1173 0.251259
0.606936 1172 0.251975
0.606936 1171 0.252284
0.606936 1170 0.252825
0.606936 1169 0.252858
0.606936 1168 0.252883
0.606936 1167 0.253218
0.606936 1166 0.253295
0.606936 1165 0.253728
0.606936 1164 0.253956
0.606936 1163 0.254004
0.606936 1162 0.254531
0.606936 1161 0.255097
0.606936 1160 0.255392
0.606936 1159 0.255659
0.606936 1158 0.256867
0.606936 1157 0.257301
0.606936 1156 0.257412
0.606936 1155 0.258191
0.606936 1154 0.258699
0.606936 1153 0.258962
0.606936 1152 0.259386
0.606936 1151 0.259921
0.606936 1150 0.260229
0.606936 1149 0.260254
0.606936 1148 0.260575
0.606936 1147 0.260904
0.606936 1146 0.261007
0.606936 1145 0.261497
0.606936 1144 0.261501
0.606936 1143 0.26183
0.606936 1142 0.262653
0.606936 1141 0.262654
0.606936 1140 0.262727
0.606936 1139 0.263031
0.606936 1138 0.263453
0.606936 1137 0.263828
0.606936 1136 0.264431
0.606936 1135 0.264865
0.606936 1134 0.26501
0.606936 1133 0.265481
0.606936 1132 0.265791
0.606936 1131 0.26585
0.606936 1130 0.266527
0.606936 1129 0.266528
0.606936 1128 0.266939
0.606936 1127 0.26712
0.606936 1126 0.267258
0.606936 1125 0.268526
0.606936 1124 0.269108
0.606936 1123 0.269384
0.606936 1122 0.26961
0.60501 1122 0.269735
0.60501 1121 0.27077
0.60501 1120 0.271957
0.60501 1119 0.272475
0.60501 1118 0.272559
0.60501 1117 0.272702
0.60501 1116 0.272797
0.60501 1115 0.273207
0.60501 1114 0.27391
0.603083 1114 0.274943
0.603083 1113 0.275071
0.603083 1112 0.275289
0.603083 1111 0.275774
0.603083 1110 0.275793
0.603083 1109 0.275992
0.603083 1108 0.276423
0.603083 1107 0.277361
0.603083 1106 0.27742
0.603083 1105 0.27872
0.603083 1104 0.27885
0.603083 1103 0.278992
0.603083 1102 0.27979
0.603083 1101 0.279967
0.603083 1100 0.279981
0.603083 1099 0.280494
0.603083 1098 0.280562
0.603083 1097 0.280606
0.603083 1096 0.28095
0.603083 1095 0.281074
0.603083 1094 0.281184
0.603083 1093 0.281531
0.603083 1092 0.283324
0.603083 1091 0.283501
0.603083 1090 0.284166
0.603083 1089 0.284202
0.603083 1088 0.284372
0.603083 1087 0.284502
0.603083 1086 0.284794
0.603083 1085 0.28551
0.603083 1084 0.28743
0.603083 1083 0.287872
0.603083 1082 0.288349
0.603083 1081 0.288383
0.603083 1080 0.288395
0.603083 1079 0.28872
0.603083 1078 0.289104
0.603083 1077 0.291394
0.603083 1076 0.291612
0.603083 1075 0.291632
0.603083 1074 0.291868
0.603083 1073 0.292542
0.603083 1072 0.293233
0.603083 1071 0.293379
0.603083 1070 0.294091
0.603083 1069 0.294246
0.603083 1068 0.294547
0.603083 1067 0.294614
0.603083 1066 0.294847
0.603083 1065 0.295222
0.603083 1064 0.295513
0.603083 1063 0.295699
0.603083 1062 0.296199
0.603083 1061 0.296386
0.601156 1061 0.296508
0.601156 1060 0.296676
0.601156 1059 0.296808
0.601156 1058 0.296977
0.601156 1057 0.296994
0.601156 1056 0.297597
0.601156 1055 0.29762
0.601156 1054 0.297787
0.601156 1053 0.298975
0.601156 1052 0.299425
0.601156 1051 0.29975
0.601156 1050 0.300157
0.601156 1049 0.300718
0.601156 1048 0.300736
0.599229 1048 0.300873
0.599229 1047 0.300919
0.599229 1046 0.301891
0.599229 1045 0.30198
0.599229 1044 0.302607
0.599229 1043 0.302832
0.599229 1042 0.303402
0.599229 1041 0.304027
0.599229 1040 0.30431
0.599229 1039 0.304684
0.599229 1038 0.304758
0.599229 1037 0.305231
0.599229 1036 0.306839
0.599229 1035 0.307616
0.599229 1034 0.307782
0.599229 1033 0.307963
0.599229 1032 0.308112
0.599229 1031 0.308737
0.599229 1030 0.308915
0.599229 1028 0.309116
0.599229 1027 0.309989
0.599229 1026 0.310353
0.599229 1025 0.310526
0.599229 1024 0.310848
0.599229 1023 0.311675
0.599229 1022 0.312029
0.599229 1021 0.313435
0.599229 1020 0.313469
0.599229 1019 0.313639
0.599229 1018 0.31391
0.599229 1017 0.314033
0.599229 1016 0.314343
0.599229 1015 0.315507
0.599229 1014 0.316516
0.599229 1013 0.316998
0.599229 1012 0.317449
0.599229 1011 0.318691
0.599229 1010 0.31885
0.599229 1009 0.31898
0.599229 1008 0.31914
0.599229 1007 0.319725
0.599229 1006 0.319801
0.599229 1005 0.320088
0.599229 1004 0.320585
0.599229 1003 0.321041
0.599229 1002 0.321125
0.599229 1001 0.323231
0.599229 1000 0.323291
0.599229 999 0.323609
0.599229 998 0.323814
0.599229 997 0.323833
0.599229 996 0.32394
0.599229 995 0.324343
0.599229 994 0.32466
0.599229 993 0.324703
0.599229 992 0.32479
0.599229 991 0.324914
0.599229 990 0.324948
0.599229 989 0.325195
0.599229 988 0.325213
0.599229 987 0.325549
0.599229 986 0.325574
0.599229 985 0.326834
0.599229 984 0.326997
0.599229 983 0.327908
0.599229 982 0.330182
0.599229 981 0.330491
0.599229 980 0.331192
0.599229 979 0.331591
0.599229 978 0.331624
0.599229 977 0.332842
0.599229 976 0.333247
0.599229 975 0.333316
0.599229 974 0.334437
0.599229 973 0.335307
0.599229 972 0.336196
0.599229 971 0.337016
0.599229 970 0.337164
0.599229 969 0.337518
0.599229 968 0.338712
0.599229 967 0.339831
0.599229 966 0.340254
0.599229 965 0.341639
0.599229 964 0.341817
0.599229 963 0.341933
0.599229 962 0.34269
0.599229 960 0.343809
0.599229 959 0.344525
0.599229 958 0.346611
0.599229 957 0.347367
0.599229 956 0.347809
0.599229 955 0.348483
0.599229 954 0.348604
0.599229 953 0.348691
0.599229 952 0.349582
0.599229 951 0.350307
0.599229 950 0.350936
0.599229 949 0.351733
0.597303 949 0.353507
0.597303 948 0.354504
0.597303 947 0.354607
0.597303 946 0.354791
0.597303 945 0.354854
0.595376 945 0.356104
0.595376 944 0.356698
0.595376 943 0.358378
0.595376 942 0.358763
0.595376 941 0.359012
0.595376 940 0.35935
0.595376 939 0.359787
0.595376 938 0.359863
0.595376 937 0.35993
0.595376 936 0.360635
0.595376 935 0.361753
0.595376 934 0.363595
0.595376 933 0.363725
0.595376 932 0.363933
0.595376 931 0.365334
0.595376 930 0.36725
0.595376 929 0.367362
0.595376 928 0.367762
0.595376 927 0.367907
0.595376 926 0.368075
0.595376 925 0.368234
0.595376 924 0.369122
0.595376 923 0.369331
0.595376 922 0.370945
0.595376 921 0.370949
0.595376 920 0.371479
0.595376 919 0.372017
0.595376 918 0.37234
0.595376 917 0.37266
0.595376 916 0.372869
0.595376 915 0.37316
0.595376 914 0.37324
0.595376 913 0.373521
0.595376 912 0.376042
0.595376 911 0.376632
0.595376 910 0.378035
0.595376 909 0.378325
0.595376 908 0.378499
0.595376 907 0.378788
0.595376 906 0.37977
0.595376 905 0.380401
0.595376 904 0.380615
0.595376 903 0.381003
0.595376 902 0.381045
0.595376 901 0.382796
0.595376 900 0.382875
0.595376 899 0.38297
0.595376 898 0.383582
0.595376 897 0.384184
0.595376 896 0.384306
0.595376 895 0.384462
0.595376 894 0.384469
0.595376 893 0.384663
0.595376 892 0.385429
0.595376 891 0.385855
0.595376 890 0.386447
0.595376 889 0.38669
0.595376 888 0.386923
0.593449 888 0.388122
0.593449 887 0.388711
0.593449 886 0.389423
0.593449 885 0.390233
0.593449 884 0.390472
0.593449 883 0.391075
0.593449 882 0.391533
0.593449 881 0.392136
0.593449 880 0.393269
0.593449 879 0.393804
0.593449 878 0.393986
0.593449 877 0.394096
0.593449 876 0.395092
0.593449 875 0.395502
0.593449 874 0.395973
0.593449 873 0.396278
0.593449 872 0.396671
0.593449 871 0.397846
0.593449 870 0.398431
0.593449 869 0.39882
0.593449 868 0.398942
0.593449 867 0.40143
0.593449 866 0.401601
0.593449 865 0.40163
0.593449 864 0.402092
0.593449 863 0.402689
0.593449 862 0.403536
0.593449 861 0.405369
0.593449 860 0.405415
0.593449 859 0.406324
0.593449 858 0.409701
0.593449 857 0.409786
0.593449 856 0.411122
0.593449 855 0.411199
0.593449 854 0.411641
0.593449 853 0.41167
0.593449 852 0.411994
0.593449 851 0.412172
0.593449 850 0.413267
0.593449 849 0.413514
0.593449 848 0.414117
0.593449 847 0.415022
0.593449 846 0.415378
0.593449 845 0.416695
0.593449 844 0.416712
0.593449 843 0.41757
0.593449 842 0.417698
0.593449 841 0.417765
0.593449 840 0.417812
0.593449 839 0.418959
0.593449 838 0.419235
0.593449 837 0.419854
0.593449 836 0.420844
0.593449 835 0.420931
0.593449 834 0.423182
0.593449 833 0.424255
0.593449 832 0.425753
0.593449 831 0.425872
0.593449 830 0.427048
0.593449 829 0.427348
0.593449 828 0.428488
0.593449 827 0.429234
0.593449 826 0.42973
0.593449 825 0.431526
0.593449 823 0.436163
0.593449 822 0.436754
0.593449 821 0.437295
0.593449 820 0.438094
0.593449 819 0.43919
0.593449 818 0.439808
0.593449 817 0.441969
0.593449 816 0.443187
0.593449 815 0.443418
0.593449 814 0.444854
0.593449 813 0.445057
0.593449 812 0.446797
0.593449 811 0.447071
0.593449 810 0.448679
0.593449 809 0.448891
0.593449 808 0.449358
0.593449 807 0.451676
0.593449 806 0.451694
0.593449 805 0.452116
0.593449 804 0.453687
0.593449 803 0.453809
0.593449 802 0.454247
0.593449 801 0.456002
0.593449 800 0.456326
0.593449 799 0.457697
0.593449 798 0.457908
0.591522 798 0.458508
0.591522 797 0.459213
0.591522 796 0.459518
0.591522 795 0.461649
0.591522 794 0.462148
0.591522 793 0.462168
0.591522 792 0.462417
0.591522 791 0.462735
0.591522 790 0.464397
0.591522 788 0.466076
0.591522 787 0.467056
0.591522 786 0.469032
0.591522 785 0.469643
0.591522 784 0.470495
0.589595 784 0.471341
0.589595 783 0.471403
0.589595 782 0.473005
0.589595 781 0.473016
0.589595 780 0.473408
0.589595 779 0.474159
0.589595 778 0.475545
0.589595 777 0.47595
0.589595 776 0.477268
0.589595 775 0.479596
0.589595 774 0.479915
0.589595 773 0.480457
0.589595 772 0.482592
0.589595 771 0.483749
0.589595 770 0.484639
0.589595 769 0.485079
0.589595 768 0.485118
0.589595 767 0.486119
0.589595 766 0.4866
0.589595 765 0.486765
0.589595 764 0.487002
0.589595 763 0.487238
0.589595 762 0.487385
0.589595 761 0.488722
0.589595 760 0.489859
0.589595 759 0.490124
0.589595 758 0.492225
0.589595 757 0.492591
0.589595 756 0.493016
0.589595 755 0.49334
0.589595 754 0.493733
0.589595 753 0.493898
0.589595 752 0.494165
0.589595 751 0.494326
0.589595 750 0.494844
0.589595 749 0.495563
0.589595 748 0.498241
0.589595 747 0.498891
0.589595 746 0.498949
0.589595 745 0.499725
0.589595 744 0.499997
0.589595 743 0.502051
0.589595 742 0.503389
0.589595 741 0.504326
0.589595 740 0.504993
0.589595 738 0.505164
0.589595 737 0.506049
0.589595 736 0.506291
0.589595 735 0.506512
0.589595 734 0.507326
0.589595 733 0.507768
0.589595 732 0.507913
0.589595 731 0.508081
0.589595 730 0.509808
0.589595 729 0.51081
0.589595 728 0.510821
0.589595 727 0.510921
0.589595 726 0.511
0.589595 725 0.511703
0.589595 724 0.515088
0.589595 723 0.515142
0.589595 722 0.515205
0.589595 721 0.516634
0.589595 720 0.516761
0.589595 719 0.517337
0.589595 718 0.518734
0.589595 717 0.520855
0.589595 716 0.522599
0.589595 715 0.522872
0.589595 714 0.522981
0.589595 713 0.525424
0.587669 713 0.52752
0.587669 712 0.530272
0.587669 711 0.53063
0.587669 710 0.532332
0.587669 709 0.532709
0.587669 708 0.532838
0.587669 707 0.533698
0.587669 706 0.535598
0.587669 705 0.535674
0.587669 704 0.536497
0.587669 703 0.54141
0.587669 702 0.542538
0.587669 701 0.542765
0.587669 700 0.54296
0.587669 699 0.543165
0.587669 698 0.545092
0.587669 697 0.545259
0.587669 696 0.54582
0.587669 695 0.548889
0.587669 694 0.548972
0.587669 693 0.55014
0.587669 692 0.550342
0.587669 691 0.550372
0.587669 690 0.551698
0.587669 689 0.553825
0.587669 688 0.554116
0.587669 687 0.554577
0.587669 686 0.554786
0.587669 685 0.555256
0.587669 684 0.55552
0.587669 683 0.555765
0.587669 682 0.556379
0.587669 681 0.557101
0.587669 680 0.557965
0.587669 679 0.558305
0.587669 678 0.558351
0.587669 677 0.558609
0.587669 676 0.558924
0.587669 675 0.561204
0.587669 674 0.561545
0.587669 673 0.562214
0.587669 672 0.564497
0.585742 672 0.564929
0.585742 671 0.565655
0.585742 670 0.566085
0.585742 669 0.566531
0.585742 668 0.566911
0.585742 667 0.567129
0.585742 666 0.569377
0.583815 666 0.569499
0.583815 665 0.570315
0.583815 664 0.570964
0.583815 663 0.571505
0.583815 662 0.572368
0.583815 661 0.573029
0.583815 660 0.573679
0.583815 659 0.574072
0.583815 658 0.576137
0.583815 657 0.576335
0.583815 656 0.576592
0.583815 655 0.576782
0.583815 654 0.576863
0.583815 653 0.577369
0.583815 652 0.579878
0.583815 651 0.579915
0.583815 650 0.580895
0.583815 649 0.581042
0.583815 648 0.58124
0.583815 647 0.58197
0.583815 646 0.582239
0.583815 645 0.582343
0.583815 644 0.58297
0.583815 643 0.583164
0.583815 642 0.583611
0.583815 641 0.584168
0.583815 640 0.585034
0.583815 639 0.585135
0.583815 638 0.586042
0.583815 637 0.58697
0.583815 636 0.58799
0.583815 635 0.588102
0.583815 634 0.588612
0.583815 633 0.588783
0.583815 632 0.591474
0.583815 631 0.591818
0.583815 630 0.592404
0.583815 629 0.592852
0.583815 628 0.594458
0.583815 627 0.594748
0.583815 626 0.595224
0.583815 625 0.596473
0.583815 624 0.597632
0.581888 624 0.598017
0.581888 623 0.599543
0.581888 622 0.600568
0.581888 621 0.603261
0.581888 620 0.605075
0.581888 619 0.606631
0.581888 618 0.607506
0.581888 617 0.608101
0.581888 616 0.608564
0.581888 615 0.608747
0.581888 614 0.609639
0.581888 613 0.611257
0.581888 612 0.611284
0.581888 611 0.611737
0.581888 610 0.612263
0.581888 609 0.612519
0.579961 609 0.613251
0.579961 608 0.613269
0.579961 607 0.614092
0.579961 606 0.615439
0.579961 605 0.61569
0.579961 604 0.615854
0.579961 603 0.616148
0.579961 602 0.616289
0.579961 601 0.617874
0.579961 600 0.617975
0.579961 599 0.618059
0.579961 598 0.618426
0.579961 597 0.618496
0.579961 596 0.618967
0.579961 595 0.61974
0.579961 594 0.620392
0.579961 593 0.62221
0.579961 592 0.62305
0.579961 591 0.623221
0.579961 590 0.624534
0.579961 589 0.628229
0.579961 588 0.62981
0.579961 587 0.62983
0.579961 586 0.630162
0.579961 585 0.631435
0.579961 584 0.634852
0.579961 583 0.634979
0.579961 582 0.635575
0.579961 581 0.636609
0.579961 580 0.637423
0.579961 579 0.637629
0.579961 578 0.637741
0.579961 577 0.637747
0.579961 576 0.637877
0.579961 575 0.637932
0.579961 574 0.639279
0.579961 573 0.639351
0.579961 572 0.640353
0.579961 571 0.640712
0.579961 570 0.641223
0.579961 569 0.6419
0.579961 568 0.642062
0.579961 567 0.642323
0.579961 566 0.643551
0.579961 565 0.643958
0.579961 564 0.644339
0.579961 563 0.646214
0.579961 562 0.647268
0.579961 561 0.647295
0.579961 560 0.648652
0.579961 559 0.649234
0.579961 558 0.650217
0.579961 557 0.652151
0.578035 557 0.652492
0.578035 556 0.652839
0.578035 555 0.652995
0.578035 554 0.653655
0.578035 553 0.653842
0.578035 552 0.6568
0.578035 551 0.657042
0.578035 550 0.657132
0.578035 549 0.65725
0.578035 548 0.658195
0.578035 546 0.658716
0.578035 545 0.659249
0.578035 544 0.661112
0.578035 543 0.663224
0.578035 542 0.665296
0.578035 541 0.669335
0.578035 540 0.670225
0.578035 539 0.671848
0.578035 538 0.672294
0.578035 537 0.673344
0.578035 536 0.673476
0.578035 535 0.674128
0.578035 534 0.675272
0.578035 533 0.676683
0.578035 532 0.677222
0.578035 531 0.678346
0.578035 530 0.679191
0.578035 529 0.679329
0.578035 528 0.679897
0.576108 528 0.680451
0.576108 527 0.680553
0.576108 526 0.680985
0.576108 525 0.682201
0.576108 524 0.682625
0.576108 523 0.684281
0.576108 522 0.685475
0.576108 521 0.686621
0.576108 520 0.688287
0.576108 519 0.688954
0.576108 518 0.690306
0.576108 517 0.691109
0.576108 516 0.692008
0.576108 515 0.692896
0.576108 514 0.693484
0.576108 513 0.694659
0.576108 512 0.694905
0.576108 511 0.695297
0.576108 510 0.697473
0.576108 509 0.698766
0.576108 508 0.699262
0.576108 507 0.699919
0.576108 506 0.700041
0.576108 505 0.700663
0.576108 504 0.702674
0.576108 503 0.704323
0.576108 502 0.704823
0.576108 501 0.70605
0.576108 500 0.707092
0.576108 499 0.707787
0.576108 498 0.708071
0.576108 497 0.708347
0.576108 496 0.710356
0.574181 496 0.711615
0.574181 495 0.714001
0.574181 494 0.714286
0.574181 493 0.716744
0.574181 492 0.717994
0.574181 491 0.720062
0.574181 490 0.722997
0.574181 488 0.723465
0.574181 487 0.72433
0.574181 486 0.727252
0.574181 485 0.727642
0.574181 484 0.728089
0.574181 483 0.728547
0.574181 482 0.728743
0.574181 481 0.729671
0.574181 480 0.729826
0.574181 479 0.730502
0.574181 478 0.731127
0.574181 477 0.731443
0.574181 476 0.732557
0.574181 475 0.732683
0.574181 474 0.733214
0.574181 473 0.734871
0.574181 472 0.738076
0.574181 471 0.739511
0.574181 470 0.74022
0.574181 469 0.740533
0.574181 468 0.74069
0.572254 468 0.741195
0.572254 467 0.741215
0.572254 466 0.741568
0.572254 465 0.743477
0.572254 464 0.743513
0.572254 463 0.743763
0.572254 462 0.743972
0.572254 461 0.744694
0.572254 460 0.74502
0.572254 459 0.746227
0.572254 458 0.7508
0.572254 457 0.75121
0.572254 456 0.752803
0.572254 455 0.753194
0.572254 454 0.753602
0.572254 453 0.754266
0.572254 452 0.755847
0.570328 452 0.755982
0.570328 451 0.756457
0.570328 450 0.756465
0.570328 449 0.757533
0.570328 448 0.760499
0.570328 447 0.761452
0.570328 446 0.761697
0.570328 445 0.762101
0.570328 444 0.762826
0.570328 443 0.763753
0.570328 442 0.76455
0.570328 441 0.765034
0.570328 440 0.766303
0.570328 439 0.767702
0.570328 438 0.769841
0.570328 437 0.769975
0.570328 436 0.770511
0.570328 435 0.771835
0.570328 434 0.772592
0.570328 433 0.772964
0.570328 432 0.773342
0.570328 431 0.773579
0.570328 430 0.773884
0.570328 428 0.773962
0.570328 427 0.781525
0.570328 426 0.781965
0.570328 425 0.784017
0.570328 424 0.784307
0.570328 423 0.784428
0.570328 422 0.787552
0.570328 421 0.788195
0.568401 421 0.788824
0.568401 420 0.789276
0.568401 419 0.789579
0.568401 418 0.790151
0.568401 417 0.790666
0.568401 416 0.791414
0.568401 415 0.792465
0.568401 414 0.793868
0.568401 413 0.793958
0.568401 412 0.794134
0.568401 411 0.794986
0.568401 410 0.79529
0.568401 409 0.795382
0.568401 408 0.796958
0.568401 407 0.797705
0.568401 406 0.803327
0.568401 405 0.805575
0.568401 404 0.806899
0.568401 403 0.807656
0.568401 402 0.809738
0.566474 402 0.810169
0.566474 401 0.812703
0.566474 400 0.813522
0.566474 399 0.813951
0.566474 398 0.81439
0.566474 397 0.814681
0.566474 396 0.816086
0.566474 395 0.818668
0.566474 394 0.818994
0.566474 393 0.819163
0.564547 393 0.81997
0.564547 392 0.821173
0.564547 391 0.821189
0.564547 390 0.82127
0.564547 389 0.824176
0.564547 388 0.824428
0.564547 387 0.82473
0.564547 386 0.82879
0.564547 385 0.829271
0.564547 384 0.829853
0.564547 383 0.830663
0.564547 382 0.831181
0.564547 381 0.831633
0.564547 380 0.832796
0.564547 379 0.833743
0.56262 379 0.833822
0.56262 378 0.834373
0.56262 377 0.83547
0.56262 376 0.835993
0.56262 375 0.837495
0.56262 374 0.83832
0.56262 373 0.840315
0.56262 372 0.841741
0.56262 371 0.841986
0.56262 370 0.843082
0.56262 369 0.843246
0.56262 368 0.843449
0.56262 367 0.844488
0.56262 366 0.844525
0.56262 365 0.844684
0.56262 364 0.846145
0.56262 363 0.849623
0.56262 362 0.849985
0.56262 361 0.850243
0.56262 360 0.851296
0.56262 359 0.851351
0.56262 358 0.853528
0.56262 357 0.854376
0.560694 357 0.854668
0.560694 356 0.854709
0.560694 355 0.855752
0.560694 354 0.857711
0.560694 353 0.858369
0.560694 352 0.859209
0.560694 351 0.859619
0.560694 350 0.862162
0.560694 349 0.8624
0.560694 348 0.862684
0.560694 347 0.863611
0.560694 346 0.863799
0.560694 345 0.865994
0.560694 344 0.866463
0.560694 343 0.866864
0.560694 342 0.867405
0.560694 341 0.867574
0.560694 340 0.868082
0.560694 339 0.868669
0.560694 338 0.869675
0.560694 337 0.870863
0.560694 336 0.87186
0.560694 335 0.872174
0.560694 334 0.872771
0.560694 333 0.873668
0.560694 332 0.874155
0.560694 331 0.874592
0.560694 330 0.875568
0.560694 329 0.876266
0.558767 329 0.878466
0.558767 328 0.878812
0.55684 328 0.878922
0.55684 327 0.879873
0.55684 326 0.880752
0.55684 325 0.881698
0.55684 324 0.88179
0.55684 323 0.882648
0.55684 322 0.883652
0.55684 321 0.884611
0.55684 320 0.884834
0.55684 319 0.885683
0.55684 318 0.88615
0.55684 317 0.886475
0.554913 317 0.887898
0.554913 316 0.89167
0.554913 315 0.892103
0.552987 315 0.893097
0.552987 314 0.893224
0.552987 313 0.89375
0.55106 313 0.894322
0.55106 312 0.894896
0.55106 311 0.897248
0.55106 310 0.897657
0.55106 309 0.897679
0.55106 308 0.898064
0.55106 307 0.898535
0.55106 306 0.898584
0.55106 305 0.899425
0.55106 304 0.902472
0.55106 303 0.902708
0.55106 302 0.90298
0.55106 301 0.902985
0.55106 300 0.903139
0.55106 299 0.903195
0.55106 298 0.903864
0.55106 297 0.905297
0.55106 296 0.906112
0.55106 295 0.906728
0.55106 294 0.907057
0.55106 293 0.907426
0.55106 292 0.908894
0.549133 292 0.909568
0.549133 291 0.910296
0.549133 290 0.910687
0.549133 289 0.910752
0.549133 288 0.911142
0.549133 287 0.911337
0.549133 286 0.913524
0.549133 285 0.913593
0.549133 284 0.914861
0.549133 283 0.914937
0.547206 283 0.915038
0.547206 282 0.915143
0.547206 281 0.916667
0.547206 280 0.919067
0.545279 280 0.919527
0.545279 279 0.920945
0.543353 279 0.921046
0.543353 278 0.921221
0.543353 277 0.921282
0.543353 276 0.922285
0.543353 275 0.922468
0.543353 274 0.922582
0.543353 273 0.923329
0.543353 272 0.923463
0.543353 271 0.923795
0.543353 270 0.925172
0.543353 269 0.925682
0.543353 268 0.925694
0.543353 267 0.925969
0.541426 267 0.928536
0.541426 266 0.928991
0.539499 266 0.929138
0.539499 265 0.929187
0.539499 264 0.930349
0.537572 264 0.930922
0.535645 264 0.932132
0.535645 263 0.93263
0.535645 262 0.933772
0.535645 261 0.93379
0.535645 260 0.93396
0.535645 259 0.934011
0.535645 258 0.934781
0.535645 257 0.935573
0.535645 256 0.935998
0.535645 255 0.937404
0.535645 254 0.93785
0.535645 253 0.938578
0.535645 252 0.938961
0.535645 251 0.939172
0.535645 250 0.940547
0.533719 250 0.940801
0.533719 249 0.941088
0.533719 248 0.941677
0.533719 247 0.941995
0.531792 247 0.942821
0.531792 246 0.943179
0.531792 245 0.944697
0.531792 244 0.944709
0.531792 243 0.944835
0.531792 242 0.944878
0.531792 241 0.944937
0.531792 240 0.944969
0.531792 239 0.945511
0.531792 238 0.945837
0.529865 238 0.946099
0.529865 237 0.946512
0.529865 236 0.94703
0.529865 235 0.947149
0.529865 234 0.948267
0.527938 234 0.948447
0.526012 234 0.948449
0.526012 233 0.948454
0.526012 232 0.949321
0.526012 231 0.950198
0.526012 230 0.952536
0.524085 230 0.952803
0.524085 229 0.95285
0.524085 228 0.952899
0.524085 227 0.953263
0.524085 226 0.954245
0.524085 225 0.955888
0.524085 224 0.956022
0.524085 223 0.95653
0.524085 222 0.956798
0.524085 221 0.95825
0.524085 220 0.958841
0.522158 220 0.958939
0.522158 219 0.959323
0.522158 218 0.959774
0.522158 217 0.960484
0.520231 217 0.960636
0.518304 217 0.962022
0.518304 216 0.962613
0.518304 215 0.965806
0.518304 214 0.966593
0.518304 213 0.967549
0.518304 212 0.967691
0.518304 211 0.968512
0.518304 210 0.968787
0.518304 209 0.96884
0.518304 208 0.968852
0.518304 207 0.969631
0.518304 206 0.972095
0.518304 205 0.972249
0.518304 204 0.972818
0.518304 203 0.973093
0.518304 202 0.973289
0.518304 201 0.97348
0.518304 200 0.973553
0.518304 199 0.97365
0.518304 198 0.97398
0.518304 197 0.974147
0.518304 196 0.974246
0.518304 195 0.975089
0.518304 194 0.97538
0.518304 193 0.975647
0.518304 191 0.976152
0.518304 190 0.976877
0.516378 190 0.977169
0.514451 190 0.977567
0.514451 189 0.977619
0.514451 188 0.977679
0.514451 187 0.977796
0.514451 186 0.977917
0.514451 185 0.978302
0.512524 185 0.978326
0.510597 185 0.978927
0.510597 184 0.979226
0.510597 183 0.979288
0.508671 183 0.979303
0.506744 183 0.980278
0.504817 183 0.980353
0.504817 182 0.980476
0.504817 181 0.980585
0.50289 181 0.98072
0.500963 181 0.980775
0.500963 180 0.981296
0.500963 179 0.981508
0.500963 178 0.982101
0.500963 177 0.982324
0.499037 177 0.982645
0.499037 176 0.982815
0.49711 176 0.982818
0.49711 175 0.982907
0.49711 173 0.98291
0.49711 172 0.983321
0.49711 171 0.98349
0.49711 170 0.98354
0.49711 169 0.983555
0.49711 167 0.983585
0.49711 166 0.984518
0.49711 165 0.984542
0.495183 165 0.985246
0.495183 164 0.98531
0.495183 163 0.985556
0.495183 162 0.985622
0.495183 161 0.986176
0.495183 160 0.986333
0.493256 160 0.986558
0.493256 159 0.986998
0.493256 158 0.987073
0.493256 157 0.987256
0.493256 156 0.98793
0.493256 155 0.988254
0.493256 154 0.988435
0.493256 153 0.988535
0.491329 153 0.988602
0.491329 152 0.988761
0.489403 152 0.988826
0.487476 152 0.988885
0.487476 151 0.989037
0.485549 151 0.9891
0.485549 150 0.989256
0.485549 149 0.989259
0.485549 148 0.989277
0.485549 147 0.989555
0.485549 146 0.989607
0.485549 145 0.989929
0.485549 144 0.990114
0.485549 143 0.990227
0.485549 142 0.99024
0.485549 141 0.990286
0.485549 140 0.990362
0.485549 139 0.990439
0.485549 138 0.990663
0.485549 137 0.991077
0.485549 136 0.991095
0.483622 136 0.991179
0.481696 136 0.991203
0.481696 135 0.991208
0.481696 134 0.991567
0.481696 133 0.991595
0.479769 133 0.991878
0.479769 132 0.991996
0.479769 131 0.992082
0.479769 130 0.992096
0.479769 129 0.992377
0.479769 128 0.99243
0.479769 127 0.992566
0.479769 126 0.992614
0.479769 125 0.992615
0.479769 124 0.992956
0.477842 124 0.993017
0.477842 123 0.993125
0.477842 122 0.993135
0.477842 121 0.993371
0.477842 120 0.99338
0.477842 119 0.993545
0.477842 118 0.993576
0.477842 117 0.993665
0.477842 116 0.993805
0.475915 116 0.993919
0.473988 116 0.993951
0.473988 115 0.993999
0.473988 114 0.99408
0.472062 114 0.994198
0.470135 114 0.994418
0.470135 113 0.99449
0.468208 113 0.994775
0.466281 113 0.994826
0.466281 112 0.994917
0.466281 111 0.995046
0.466281 110 0.995105
0.464355 110 0.99519
0.464355 109 0.995253
0.464355 108 0.995406
0.464355 107 0.995469
0.462428 107 0.995486
0.462428 106 0.995536
0.462428 105 0.995593
0.462428 104 0.995878
0.462428 103 0.995886
0.462428 102 0.995888
0.462428 101 0.995986
0.462428 100 0.996059
0.462428 99 0.996121
0.460501 99 0.996258
0.458574 99 0.996275
0.458574 98 0.996332
0.456647 98 0.996356
0.454721 98 0.996418
0.454721 97 0.996431
0.454721 96 0.99661
0.454721 95 0.996705
0.454721 94 0.996883
0.452794 94 0.997094
0.450867 94 0.99711
0.44894 94 0.99712
0.44894 93 0.997126
0.447013 93 0.997194
0.447013 92 0.997219
0.447013 91 0.997507
0.447013 90 0.997561
0.447013 89 0.997597
0.445087 89 0.997661
0.445087 88 0.997762
0.445087 87 0.997773
0.44316 87 0.997868
0.44316 86 0.997907
0.44316 85 0.997978
0.441233 85 0.998095
0.441233 84 0.998126
0.441233 83 0.99815
0.441233 82 0.998187
0.439306 82 0.998287
0.439306 81 0.99839
0.43738 81 0.998474
0.435453 81 0.998478
0.435453 80 0.998496
0.433526 80 0.998558
0.433526 79 0.998599
0.433526 78 0.998608
0.433526 77 0.998629
0.431599 77 0.998675
0.431599 76 0.998698
0.431599 75 0.998718
0.429672 75 0.99875
0.427746 75 0.998761
0.425819 75 0.998762
0.423892 75 0.998803
0.423892 74 0.998872
0.423892 73 0.998948
0.421965 73 0.998999
0.421965 72 0.999
0.421965 71 0.999017
0.421965 70 0.999036
0.421965 69 0.999038
0.421965 68 0.999044
0.420039 68 0.999057
0.418112 68 0.999086
0.418112 67 0.999091
0.416185 67 0.999138
0.414258 67 0.999143
0.414258 66 0.999257
0.412331 66 0.999274
0.410405 66 0.99929
0.408478 66 0.999295
0.408478 65 0.999308
0.408478 64 0.999326
0.406551 64 0.999337
0.406551 63 0.999347
0.406551 62 0.99936
0.404624 62 0.999367
0.402697 62 0.999397
0.402697 61 0.999398
0.400771 61 0.999401
0.400771 60 0.999435
0.398844 60 0.999473
0.396917 60 0.999474
0.39499 60 0.999559
0.39499 59 0.999572
0.393064 59 0.999593
0.393064 58 0.999605
0.391137 58 0.99961
0.38921 58 0.999623
0.387283 58 0.999634
0.385356 58 0.999645
0.38343 58 0.999651
0.381503 58 0.999653
0.381503 57 0.999659
0.379576 57 0.999662
0.377649 57 0.999673
0.375723 57 0.999695
0.375723 56 0.999704
0.375723 55 0.999721
0.375723 54 0.999725
0.375723 53 0.999728
0.373796 53 0.999729
0.373796 52 0.999733
0.371869 52 0.999738
0.371869 51 0.999759
0.369942 51 0.999771
0.368015 51 0.999786
0.366089 51 0.999788
0.364162 51 0.999794
0.362235 51 0.999796
0.360308 51 0.999811
0.360308 50 0.999818
0.360308 49 0.999824
0.358382 49 0.999842
0.356455 49 0.999843
0.356455 48 0.999862
0.356455 47 0.999863
0.354528 47 0.99987
0.352601 47 0.999871
0.350674 47 0.999874
0.350674 46 0.999882
0.348748 46 0.99989
0.346821 46 0.999897
0.346821 45 0.999901
0.346821 44 0.999903
0.346821 43 0.999912
0.344894 43 0.999915
0.342967 43 0.999925
0.34104 43 0.999926
0.339114 43 0.999927
0.337187 43 0.99993
0.33526 43 0.999932
0.33526 42 0.999935
0.33526 41 0.999937
0.333333 41 0.999942
0.331407 41 0.999944
0.331407 40 0.999948
0.32948 40 0.999951
0.323699 40 0.999953
0.321773 39 0.99996
0.319846 39 0.999961
0.319846 38 0.999962
0.317919 38 0.999963
0.315992 38 0.999965
0.312139 38 0.999967
0.310212 38 0.999969
0.310212 36 0.99997
0.308285 36 0.999971
0.306358 36 0.999972
0.304432 36 0.999973
0.302505 35 0.999975
0.300578 35 0.999976
0.300578 34 0.999978
0.298651 34 0.999979
0.296724 34 0.99998
0.294798 33 0.999981
0.294798 32 0.999982
0.289017 31 0.999983
0.283237 31 0.999984
0.279383 30 0.999985
0.277457 29 0.999986
0.27553 29 0.999987
0.26975 29 0.999989
0.267823 27 0.99999
0.265896 27 0.999991
0.262042 25 0.999992
0.256262 23 0.999993
0.254335 20 0.999994
0.246628 19 0.999995
0.240848 18 0.999996
0.236994 15 0.999997
0.22158 13 0.999998
0.198459 10 0.999999
0.16763 9 1
