0.609284 1875 0.100262
0.609284 1874 0.100397
0.609284 1873 0.100503
0.609284 1872 0.100615
0.609284 1871 0.100619
0.609284 1870 0.100634
0.609284 1869 0.100792
0.609284 1868 0.100828
0.609284 1867 0.101065
0.609284 1866 0.101422
0.609284 1865 0.101527
0.609284 1864 0.10154
0.609284 1863 0.101572
0.609284 1862 0.101806
0.609284 1861 0.101933
0.609284 1860 0.102047
0.609284 1859 0.102138
0.609284 1858 0.102284
0.609284 1857 0.102426
0.609284 1856 0.10245
0.609284 1855 0.102677
0.609284 1854 0.102714
0.609284 1853 0.102861
0.609284 1852 0.1029
0.609284 1851 0.103186
0.609284 1850 0.103221
0.609284 1849 0.10332
0.609284 1848 0.103428
0.609284 1847 0.10358
0.609284 1846 0.103722
0.609284 1845 0.103751
0.609284 1844 0.103852
0.609284 1843 0.103893
0.609284 1842 0.103946
0.609284 1841 0.103986
0.609284 1840 0.10422
0.609284 1839 0.104303
0.609284 1838 0.104971
0.609284 1837 0.105132
0.609284 1836 0.105385
0.609284 1835 0.105445
0.609284 1834 0.105474
0.609284 1833 0.105574
0.609284 1832 0.105638
0.609284 1831 0.105789
0.609284 1830 0.106176
0.609284 1829 0.106216
0.609284 1828 0.106245
0.609284 1827 0.106488
0.609284 1826 0.106635
0.609284 1825 0.106963
0.609284 1824 0.107056
0.609284 1823 0.107112
0.609284 1822 0.107125
0.609284 1821 0.107271
0.609284 1820 0.108016
0.609284 1819 0.108022
0.60735 1819 0.10809
0.60735 1818 0.108223
0.60735 1817 0.108252
0.60735 1816 0.108378
0.60735 1815 0.108387
0.60735 1814 0.108551
0.60735 1813 0.108652
0.60735 1812 0.108867
0.60735 1810 0.108923
0.60735 1809 0.108949
0.60735 1808 0.109136
0.60735 1807 0.109341
0.60735 1806 0.109392
0.60735 1805 0.110248
0.60735 1804 0.11032
0.60735 1803 0.110488
0.60735 1802 0.110811
0.60735 1801 0.110957
0.60735 1800 0.111146
0.60735 1799 0.111216
0.60735 1798 0.111274
0.60735 1797 0.111335
0.60735 1796 0.111614
0.60735 1795 0.111624
0.60735 1794 0.111841
0.60735 1793 0.111921
0.60735 1792 0.11207
0.60735 1791 0.112478
0.60735 1790 0.112577
0.60735 1789 0.112724
0.60735 1788 0.112951
0.60735 1787 0.113044
0.60735 1786 0.113303
0.60735 1785 0.113433
0.60735 1784 0.113447
0.60735 1783 0.113625
0.60735 1782 0.113706
0.60735 1781 0.113707
0.60735 1780 0.113748
0.60735 1779 0.11387
0.60735 1778 0.114039
0.60735 1777 0.114048
0.60735 1776 0.114086
0.60735 1775 0.114494
0.60735 1774 0.11457
0.60735 1773 0.114615
0.60735 1772 0.114741
0.60735 1771 0.114762
0.60735 1770 0.114928
0.60735 1769 0.114956
0.60735 1768 0.115214
0.60735 1767 0.115235
0.60735 1766 0.11531
0.60735 1765 0.115661
0.60735 1764 0.115784
0.60735 1763 0.115788
0.60735 1762 0.115797
0.60735 1761 0.115887
0.60735 1760 0.11601
0.60735 1759 0.11618
0.60735 1758 0.116316
0.60735 1757 0.116474
0.60735 1756 0.116644
0.60735 1755 0.116759
0.60735 1754 0.116788
0.60735 1753 0.11685
0.60735 1752 0.117029
0.60735 1751 0.117231
0.60735 1750 0.117509
0.60735 1749 0.117764
0.60735 1748 0.117956
0.60735 1747 0.117973
0.60735 1746 0.118173
0.60735 1745 0.118187
0.60735 1744 0.11851
0.60735 1743 0.118547
0.60735 1742 0.1191
0.60735 1741 0.119148
0.60735 1740 0.11927
0.60735 1739 0.119369
0.60735 1738 0.119396
0.60735 1737 0.11952
0.60735 1736 0.119815
0.60735 1735 0.119826
0.60735 1734 0.119935
0.60735 1733 0.120147
0.60735 1732 0.120172
0.60735 1731 0.120246
0.60735 1730 0.120252
0.60735 1729 0.120343
0.60735 1728 0.120351
0.60735 1727 0.120388
0.60735 1726 0.120669
0.60735 1725 0.120714
0.60735 1724 0.120881
0.60735 1723 0.121012
0.60735 1722 0.121071
0.60735 1721 0.121354
0.605416 1721 0.121489
0.605416 1720 0.121563
0.605416 1719 0.121791
0.605416 1718 0.121997
0.605416 1717 0.122008
0.605416 1716 0.122012
0.605416 1715 0.122019
0.605416 1714 0.122216
0.603482 1714 0.122237
0.603482 1713 0.122892
0.603482 1712 0.122964
0.603482 1711 0.123057
0.603482 1710 0.123192
0.603482 1709 0.123245
0.603482 1708 0.123288
0.603482 1707 0.123686
0.603482 1706 0.123756
0.603482 1705 0.123848
0.603482 1704 0.124017
0.603482 1703 0.12409
0.603482 1702 0.124471
0.603482 1701 0.124525
0.603482 1700 0.124612
0.603482 1699 0.12519
0.603482 1698 0.125219
0.603482 1697 0.125238
0.603482 1696 0.125378
0.603482 1695 0.125421
0.603482 1694 0.125493
0.603482 1693 0.125582
0.603482 1692 0.125584
0.603482 1691 0.125664
0.603482 1690 0.125766
0.603482 1689 0.125907
0.603482 1688 0.126168
0.603482 1687 0.126183
0.603482 1686 0.126456
0.603482 1685 0.126552
0.603482 1684 0.126622
0.603482 1683 0.126718
0.603482 1682 0.126763
0.603482 1681 0.126975
0.603482 1680 0.127087
0.603482 1679 0.127348
0.603482 1678 0.12755
0.603482 1677 0.128049
0.603482 1676 0.12816
0.603482 1675 0.128295
0.603482 1674 0.128569
0.603482 1673 0.129258
0.603482 1672 0.129266
0.603482 1671 0.129312
0.603482 1670 0.129419
0.603482 1669 0.129527
0.603482 1668 0.129534
0.603482 1667 0.129847
0.603482 1666 0.130412
0.603482 1665 0.130498
0.603482 1664 0.130876
0.603482 1663 0.13106
0.603482 1662 0.131294
0.603482 1661 0.131303
0.603482 1660 0.13134
0.603482 1659 0.131363
0.603482 1658 0.131375
0.603482 1657 0.131608
0.603482 1656 0.131627
0.603482 1655 0.131656
0.603482 1654 0.132278
0.603482 1653 0.132422
0.603482 1652 0.13344
0.603482 1651 0.133495
0.603482 1650 0.133585
0.603482 1649 0.133865
0.603482 1648 0.133875
0.603482 1647 0.133956
0.603482 1646 0.133963
0.603482 1645 0.134061
0.603482 1644 0.134454
0.603482 1643 0.134594
0.603482 1642 0.13467
0.603482 1641 0.134787
0.603482 1640 0.134889
0.603482 1639 0.134943
0.603482 1638 0.135622
0.603482 1637 0.135916
0.603482 1636 0.136029
0.603482 1635 0.136039
0.603482 1634 0.136124
0.603482 1633 0.136472
0.603482 1632 0.136638
0.603482 1631 0.136996
0.603482 1630 0.137002
0.603482 1629 0.13713
0.603482 1628 0.13733
0.603482 1627 0.137581
0.603482 1626 0.137883
0.603482 1625 0.138274
0.603482 1624 0.138417
0.603482 1623 0.138665
0.603482 1622 0.138813
0.603482 1621 0.138855
0.603482 1620 0.138872
0.603482 1619 0.138948
0.603482 1618 0.139377
0.603482 1617 0.139397
0.603482 1616 0.139425
0.603482 1615 0.139571
0.603482 1614 0.139606
0.603482 1613 0.13982
0.603482 1612 0.140366
0.603482 1611 0.14073
0.603482 1610 0.140874
0.603482 1609 0.14102
0.603482 1608 0.141035
0.603482 1607 0.141114
0.603482 1606 0.14143
0.603482 1605 0.141437
0.603482 1604 0.141498
0.603482 1603 0.141593
0.603482 1602 0.141844
0.603482 1601 0.14187
0.603482 1600 0.142351
0.603482 1599 0.142446
0.603482 1598 0.142818
0.603482 1597 0.142834
0.603482 1596 0.143317
0.603482 1595 0.143965
0.603482 1594 0.143988
0.603482 1593 0.145158
0.603482 1592 0.145213
0.603482 1591 0.14525
0.603482 1590 0.145676
0.603482 1589 0.145843
0.603482 1588 0.146104
0.603482 1587 0.146331
0.603482 1586 0.146373
0.603482 1585 0.146839
0.603482 1584 0.146956
0.603482 1583 0.147067
0.603482 1582 0.147206
0.603482 1581 0.147638
0.603482 1580 0.147893
0.603482 1579 0.148067
0.603482 1578 0.148274
0.603482 1577 0.148368
0.603482 1576 0.148821
0.603482 1575 0.148923
0.603482 1574 0.149399
0.603482 1573 0.149415
0.603482 1572 0.149886
0.603482 1571 0.149956
0.603482 1570 0.149964
0.603482 1569 0.149999
0.603482 1568 0.150139
0.603482 1567 0.150407
0.603482 1566 0.150513
0.603482 1565 0.150855
0.603482 1564 0.150939
0.603482 1563 0.150985
0.603482 1562 0.151272
0.603482 1561 0.15129
0.603482 1560 0.151444
0.603482 1559 0.151487
0.603482 1558 0.151539
0.603482 1557 0.151552
0.603482 1556 0.152018
0.603482 1555 0.152068
0.603482 1554 0.152629
0.603482 1553 0.152752
0.603482 1552 0.15292
0.603482 1551 0.153419
0.603482 1550 0.153424
0.603482 1549 0.153501
0.603482 1548 0.153518
0.603482 1547 0.153583
0.603482 1546 0.153897
0.603482 1545 0.154276
0.603482 1544 0.154436
0.603482 1543 0.15472
0.603482 1542 0.155021
0.603482 1541 0.155117
0.603482 1540 0.155118
0.603482 1539 0.155152
0.603482 1538 0.155222
0.603482 1537 0.155431
0.603482 1536 0.155649
0.603482 1534 0.155849
0.603482 1533 0.1567
0.603482 1532 0.156713
0.603482 1531 0.156743
0.603482 1530 0.156911
0.603482 1529 0.157078
0.603482 1528 0.157168
0.603482 1527 0.157538
0.603482 1526 0.157872
0.603482 1525 0.157929
0.603482 1524 0.158301
0.603482 1523 0.15865
0.603482 1522 0.158655
0.603482 1521 0.158734
0.603482 1520 0.158894
0.603482 1519 0.158975
0.603482 1518 0.159182
0.603482 1517 0.159298
0.603482 1516 0.159502
0.603482 1515 0.159631
0.603482 1514 0.159639
0.603482 1513 0.159773
0.603482 1512 0.159784
0.603482 1511 0.159877
0.603482 1510 0.159955
0.601547 1510 0.160174
0.601547 1509 0.160217
0.601547 1508 0.160227
0.601547 1507 0.160244
0.601547 1506 0.160824
0.601547 1505 0.161196
0.601547 1504 0.161424
0.601547 1503 0.161761
0.601547 1502 0.161797
0.601547 1501 0.161972
0.601547 1500 0.162015
0.601547 1499 0.162394
0.601547 1498 0.16264
0.601547 1497 0.162641
0.601547 1496 0.162819
0.601547 1495 0.163064
0.601547 1494 0.16343
0.601547 1493 0.163449
0.601547 1492 0.163633
0.601547 1491 0.163944
0.601547 1490 0.164285
0.601547 1489 0.16455
0.601547 1488 0.164595
0.601547 1487 0.164654
0.601547 1486 0.164679
0.601547 1485 0.164786
0.601547 1484 0.164973
0.601547 1483 0.165225
0.601547 1482 0.165412
0.601547 1481 0.165442
0.601547 1480 0.165605
0.601547 1479 0.165825
0.601547 1478 0.165903
0.601547 1477 0.166134
0.601547 1476 0.166608
0.601547 1475 0.166632
0.599613 1475 0.166769
0.599613 1474 0.166886
0.599613 1473 0.167178
0.599613 1472 0.167311
0.599613 1471 0.167935
0.599613 1470 0.168032
0.599613 1469 0.168076
0.599613 1468 0.168265
0.599613 1467 0.168273
0.599613 1466 0.168317
0.599613 1465 0.168788
0.599613 1464 0.168928
0.599613 1463 0.168987
0.599613 1462 0.169513
0.599613 1461 0.169781
0.599613 1460 0.170356
0.599613 1459 0.17047
0.599613 1458 0.170501
0.599613 1457 0.170682
0.599613 1456 0.170845
0.599613 1455 0.1709
0.599613 1454 0.170981
0.599613 1453 0.170983
0.599613 1452 0.171214
0.599613 1451 0.171266
0.599613 1450 0.171288
0.599613 1449 0.171356
0.599613 1448 0.171616
0.599613 1447 0.171717
0.599613 1446 0.171883
0.599613 1445 0.172352
0.599613 1444 0.172656
0.599613 1443 0.172815
0.599613 1442 0.173051
0.597679 1442 0.173125
0.597679 1441 0.174067
0.597679 1440 0.174105
0.597679 1439 0.174358
0.597679 1438 0.174483
0.597679 1437 0.174561
0.597679 1436 0.175126
0.597679 1435 0.175706
0.597679 1434 0.177099
0.597679 1433 0.177103
0.597679 1432 0.177392
0.597679 1431 0.177463
0.597679 1430 0.177834
0.597679 1429 0.17785
0.597679 1428 0.177947
0.597679 1427 0.177997
0.597679 1426 0.178601
0.597679 1425 0.178865
0.597679 1424 0.179516
0.597679 1423 0.179891
0.597679 1422 0.180575
0.597679 1421 0.180908
0.597679 1420 0.181285
0.597679 1419 0.181452
0.597679 1418 0.181481
0.597679 1417 0.181607
0.597679 1416 0.181842
0.597679 1415 0.181947
0.597679 1414 0.182154
0.597679 1413 0.182252
0.597679 1412 0.182412
0.597679 1411 0.182622
0.597679 1410 0.182676
0.597679 1409 0.182727
0.597679 1408 0.182822
0.597679 1407 0.182882
0.597679 1406 0.183452
0.597679 1405 0.1835
0.597679 1404 0.183537
0.597679 1403 0.183645
0.597679 1402 0.183663
0.597679 1401 0.183829
0.597679 1400 0.183936
0.597679 1399 0.183993
0.597679 1398 0.184216
0.597679 1397 0.184266
0.597679 1396 0.184499
0.597679 1395 0.184633
0.597679 1394 0.185172
0.597679 1393 0.18535
0.597679 1392 0.185646
0.595745 1392 0.185816
0.595745 1391 0.186226
0.595745 1390 0.186606
0.595745 1389 0.186728
0.595745 1388 0.187055
0.595745 1387 0.187597
0.595745 1386 0.187661
0.595745 1385 0.187712
0.595745 1384 0.188087
0.595745 1383 0.188094
0.595745 1382 0.188667
0.595745 1381 0.189332
0.595745 1380 0.189735
0.595745 1379 0.190258
0.595745 1378 0.190397
0.595745 1377 0.19049
0.595745 1376 0.190529
0.595745 1375 0.191209
0.595745 1374 0.1913
0.595745 1373 0.191644
0.595745 1372 0.191745
0.595745 1371 0.191852
0.595745 1370 0.192206
0.595745 1369 0.192258
0.595745 1368 0.192311
0.595745 1367 0.192804
0.595745 1366 0.192943
0.595745 1365 0.193455
0.595745 1364 0.193457
0.595745 1363 0.193729
0.595745 1362 0.194149
0.595745 1361 0.194253
0.595745 1360 0.194278
0.595745 1359 0.194401
0.595745 1358 0.19455
0.595745 1357 0.195317
0.595745 1356 0.195689
0.595745 1355 0.195784
0.595745 1354 0.195932
0.59381 1354 0.196231
0.59381 1353 0.196505
0.59381 1352 0.197269
0.59381 1351 0.197721
0.59381 1350 0.197753
0.59381 1349 0.197918
0.59381 1348 0.198626
0.59381 1347 0.198883
0.59381 1346 0.199034
0.59381 1345 0.199179
0.59381 1344 0.199333
0.59381 1343 0.199424
0.59381 1342 0.200505
0.59381 1341 0.200854
0.59381 1340 0.200875
0.59381 1339 0.20091
0.59381 1338 0.20101
0.59381 1337 0.201101
0.59381 1336 0.201303
0.59381 1335 0.201388
0.59381 1334 0.202013
0.59381 1333 0.202579
0.59381 1332 0.202615
0.59381 1331 0.203331
0.59381 1330 0.203341
0.59381 1329 0.203626
0.59381 1328 0.20364
0.59381 1327 0.203831
0.59381 1326 0.20391
0.59381 1325 0.204364
0.59381 1324 0.20445
0.59381 1323 0.204776
0.59381 1322 0.204799
0.59381 1321 0.204853
0.59381 1320 0.205444
0.59381 1319 0.205817
0.59381 1318 0.206255
0.59381 1317 0.206353
0.59381 1316 0.206883
0.59381 1315 0.207891
0.59381 1314 0.208273
0.59381 1313 0.208552
0.59381 1312 0.208828
0.59381 1311 0.209093
0.59381 1310 0.209517
0.59381 1309 0.209786
0.59381 1308 0.210243
0.59381 1307 0.210302
0.59381 1306 0.210463
0.59381 1305 0.210688
0.59381 1304 0.211266
0.59381 1303 0.211331
0.59381 1302 0.211994
0.59381 1301 0.212153
0.59381 1300 0.212189
0.59381 1299 0.21267
0.59381 1298 0.212802
0.59381 1297 0.212899
0.59381 1296 0.213102
0.59381 1295 0.213139
0.59381 1294 0.213823
0.59381 1293 0.213896
0.591876 1293 0.214445
0.591876 1292 0.214787
0.591876 1291 0.214826
0.591876 1290 0.214998
0.591876 1289 0.215078
0.591876 1288 0.2152
0.591876 1287 0.215669
0.591876 1285 0.215795
0.591876 1284 0.215816
0.591876 1283 0.216095
0.591876 1282 0.216172
0.591876 1281 0.216815
0.591876 1280 0.217104
0.591876 1279 0.217175
0.591876 1278 0.217288
0.591876 1277 0.217344
0.591876 1276 0.217519
0.591876 1275 0.217684
0.591876 1274 0.217801
0.591876 1273 0.218053
0.591876 1272 0.218717
0.591876 1271 0.2192
0.591876 1270 0.220542
0.591876 1269 0.220836
0.591876 1268 0.220958
0.591876 1267 0.221184
0.591876 1266 0.221227
0.591876 1265 0.221755
0.591876 1264 0.222258
0.591876 1263 0.22233
0.591876 1262 0.222565
0.591876 1261 0.222771
0.591876 1260 0.222806
0.591876 1259 0.223115
0.591876 1258 0.223672
0.591876 1257 0.223933
0.591876 1256 0.224839
0.591876 1255 0.22485
0.591876 1254 0.225248
0.591876 1253 0.225472
0.591876 1252 0.225701
0.591876 1251 0.225891
0.591876 1250 0.225916
0.591876 1249 0.226377
0.591876 1248 0.226504
0.591876 1247 0.227012
0.591876 1246 0.227107
0.591876 1245 0.227866
0.591876 1244 0.228282
0.591876 1243 0.228286
0.591876 1242 0.228569
0.591876 1241 0.228626
0.591876 1240 0.228716
0.591876 1239 0.228915
0.591876 1238 0.229315
0.591876 1237 0.229503
0.591876 1236 0.23075
0.591876 1235 0.230885
0.591876 1234 0.231897
0.591876 1233 0.232403
0.591876 1232 0.233422
0.591876 1231 0.233599
0.591876 1230 0.233669
0.591876 1229 0.235128
0.591876 1228 0.23599
0.591876 1227 0.236054
0.591876 1226 0.236084
0.591876 1225 0.236808
0.591876 1224 0.237593
0.591876 1223 0.237805
0.591876 1222 0.23848
0.591876 1221 0.238676
0.591876 1220 0.23887
0.591876 1219 0.239179
0.591876 1218 0.240289
0.591876 1217 0.24067
0.591876 1216 0.240697
0.591876 1215 0.242036
0.591876 1214 0.242956
0.591876 1213 0.243457
0.591876 1212 0.243651
0.591876 1211 0.243859
0.591876 1210 0.244413
0.591876 1209 0.244745
0.591876 1208 0.245286
0.591876 1207 0.245413
0.591876 1206 0.245923
0.591876 1205 0.246172
0.591876 1204 0.247127
0.591876 1203 0.247208
0.589942 1203 0.247585
0.589942 1202 0.247626
0.589942 1201 0.247949
0.589942 1200 0.248365
0.589942 1199 0.248804
0.589942 1198 0.249195
0.589942 1197 0.250445
0.589942 1196 0.250541
0.589942 1195 0.251409
0.589942 1194 0.2517
0.589942 1193 0.251747
0.589942 1192 0.251782
0.589942 1191 0.252263
0.589942 1190 0.25266
0.589942 1189 0.252778
0.589942 1188 0.253441
0.589942 1187 0.253796
0.589942 1186 0.253994
0.589942 1185 0.254356
0.589942 1184 0.254464
0.589942 1183 0.254468
0.589942 1182 0.254768
0.589942 1181 0.255486
0.589942 1180 0.255681
0.589942 1179 0.255934
0.589942 1178 0.256336
0.589942 1177 0.256395
0.589942 1176 0.256428
0.589942 1175 0.256734
0.589942 1174 0.256864
0.589942 1173 0.256866
0.589942 1172 0.25725
0.589942 1171 0.257287
0.589942 1170 0.257308
0.589942 1169 0.258172
0.589942 1168 0.258324
0.589942 1167 0.259688
0.589942 1166 0.259775
0.589942 1165 0.260087
0.589942 1164 0.260259
0.589942 1163 0.260918
0.589942 1162 0.260938
0.589942 1161 0.261076
0.589942 1160 0.261102
0.589942 1159 0.261543
0.589942 1158 0.261848
0.589942 1157 0.262826
0.589942 1156 0.26332
0.589942 1155 0.263574
0.589942 1154 0.26414
0.589942 1153 0.264546
0.589942 1152 0.26483
0.589942 1151 0.265634
0.589942 1150 0.265991
0.589942 1149 0.265999
0.589942 1148 0.266232
0.589942 1147 0.266435
0.589942 1146 0.266438
0.589942 1145 0.266489
0.589942 1144 0.266751
0.589942 1143 0.266869
0.589942 1142 0.266983
0.589942 1141 0.267277
0.589942 1140 0.267332
0.589942 1139 0.268028
0.589942 1138 0.268267
0.589942 1137 0.268396
0.589942 1136 0.269186
0.589942 1135 0.269453
0.589942 1134 0.269896
0.589942 1133 0.269921
0.589942 1132 0.270013
0.589942 1131 0.270164
0.589942 1130 0.270242
0.589942 1129 0.271155
0.589942 1128 0.271941
0.589942 1127 0.272277
0.589942 1126 0.272968
0.589942 1125 0.273608
0.589942 1124 0.274451
0.589942 1123 0.274606
0.589942 1122 0.275185
0.589942 1121 0.27551
0.589942 1120 0.275621
0.589942 1119 0.275708
0.589942 1118 0.27592
0.589942 1117 0.276743
0.589942 1116 0.276827
0.589942 1115 0.277528
0.589942 1114 0.277592
0.589942 1113 0.278424
0.589942 1112 0.278769
0.589942 1111 0.279208
0.589942 1110 0.279854
0.589942 1109 0.279885
0.589942 1108 0.279994
0.589942 1107 0.280782
0.589942 1106 0.281163
0.589942 1105 0.281308
0.589942 1104 0.281358
0.589942 1103 0.281737
0.589942 1102 0.281918
0.589942 1101 0.282757
0.589942 1100 0.283401
0.589942 1099 0.283769
0.589942 1098 0.283789
0.589942 1097 0.283915
0.589942 1096 0.284399
0.589942 1095 0.284402
0.589942 1094 0.284799
0.589942 1093 0.284886
0.589942 1092 0.285189
0.589942 1091 0.285371
0.589942 1090 0.286292
0.589942 1089 0.2871
0.589942 1088 0.287101
0.589942 1087 0.288062
0.589942 1086 0.288091
0.589942 1085 0.288245
0.589942 1084 0.288258
0.589942 1083 0.288305
0.589942 1082 0.288579
0.589942 1081 0.288599
0.589942 1080 0.289093
0.589942 1079 0.289596
0.589942 1078 0.290138
0.589942 1077 0.290356
0.589942 1076 0.290608
0.589942 1075 0.291481
0.589942 1074 0.292734
0.588008 1074 0.293002
0.588008 1073 0.293034
0.588008 1072 0.293763
0.588008 1071 0.294209
0.588008 1070 0.29454
0.588008 1069 0.29655
0.588008 1068 0.297455
0.588008 1067 0.297543
0.588008 1066 0.298223
0.588008 1065 0.299516
0.588008 1064 0.299549
0.588008 1063 0.299734
0.588008 1062 0.299846
0.588008 1061 0.299851
0.588008 1060 0.301176
0.588008 1059 0.301478
0.588008 1058 0.301905
0.588008 1057 0.302509
0.588008 1056 0.302678
0.588008 1055 0.302839
0.588008 1054 0.303021
0.588008 1053 0.30308
0.588008 1052 0.303325
0.588008 1051 0.303959
0.588008 1050 0.304269
0.588008 1049 0.304417
0.588008 1048 0.304572
0.588008 1047 0.304597
0.588008 1046 0.304849
0.588008 1045 0.305099
0.588008 1044 0.305371
0.588008 1043 0.305628
0.588008 1042 0.305929
0.588008 1041 0.306447
0.588008 1040 0.30716
0.588008 1039 0.307787
0.588008 1038 0.307992
0.588008 1037 0.308739
0.588008 1036 0.308831
0.586074 1036 0.310524
0.586074 1035 0.310548
0.586074 1034 0.310783
0.586074 1033 0.31102
0.586074 1032 0.311385
0.586074 1031 0.312104
0.586074 1030 0.312967
0.586074 1029 0.31302
0.586074 1028 0.313444
0.586074 1027 0.313474
0.586074 1026 0.313671
0.586074 1025 0.314568
0.586074 1024 0.314952
0.586074 1023 0.315084
0.586074 1022 0.316497
0.586074 1021 0.316961
0.586074 1020 0.317185
0.586074 1019 0.317959
0.586074 1018 0.319568
0.586074 1017 0.319887
0.586074 1016 0.32005
0.586074 1015 0.320513
0.586074 1014 0.320622
0.586074 1013 0.321165
0.586074 1012 0.322693
0.586074 1011 0.323322
0.586074 1010 0.323635
0.586074 1009 0.324409
0.586074 1008 0.324755
0.584139 1008 0.325059
0.584139 1007 0.325319
0.584139 1006 0.325704
0.584139 1005 0.326178
0.584139 1004 0.326534
0.584139 1003 0.327129
0.584139 1002 0.327624
0.584139 1001 0.327695
0.584139 1000 0.328823
0.584139 999 0.32884
0.584139 998 0.328842
0.584139 997 0.328862
0.584139 996 0.3298
0.584139 995 0.330287
0.584139 994 0.330979
0.584139 993 0.331231
0.584139 992 0.331438
0.584139 991 0.331453
0.584139 990 0.331917
0.584139 989 0.332798
0.584139 988 0.333052
0.584139 987 0.333172
0.584139 986 0.336944
0.584139 985 0.340228
0.584139 984 0.340252
0.584139 983 0.340512
0.584139 982 0.341049
0.584139 981 0.341381
0.584139 980 0.342645
0.584139 979 0.344131
0.584139 978 0.344503
0.584139 977 0.344547
0.584139 976 0.345199
0.584139 975 0.345228
0.584139 974 0.345588
0.584139 973 0.345661
0.584139 972 0.345708
0.584139 971 0.345925
0.584139 970 0.346181
0.584139 969 0.346301
0.584139 968 0.346339
0.584139 967 0.346514
0.584139 966 0.346895
0.584139 965 0.347172
0.584139 964 0.348371
0.584139 963 0.349198
0.584139 962 0.350296
0.584139 961 0.350454
0.584139 960 0.350979
0.584139 959 0.351189
0.584139 958 0.352702
0.584139 957 0.353214
0.584139 956 0.353353
0.584139 955 0.353706
0.584139 954 0.353845
0.584139 953 0.354208
0.584139 952 0.354353
0.584139 951 0.354422
0.584139 950 0.354495
0.584139 949 0.354777
0.584139 948 0.355094
0.584139 947 0.355214
0.584139 946 0.355641
0.584139 945 0.355787
0.584139 944 0.35595
0.584139 943 0.356431
0.584139 942 0.356585
0.584139 941 0.358027
0.584139 940 0.35817
0.584139 939 0.358343
0.584139 938 0.358467
0.584139 937 0.358496
0.584139 936 0.358526
0.584139 935 0.3603
0.584139 934 0.360718
0.584139 933 0.360825
0.584139 932 0.361409
0.584139 931 0.361417
0.584139 930 0.362934
0.584139 929 0.363076
0.584139 928 0.364197
0.584139 927 0.364212
0.584139 926 0.364479
0.584139 925 0.364626
0.584139 924 0.365304
0.584139 923 0.366468
0.584139 922 0.36743
0.584139 921 0.36748
0.584139 920 0.368976
0.584139 919 0.369683
0.584139 918 0.370638
0.584139 917 0.371056
0.584139 916 0.371847
0.584139 915 0.371996
0.584139 914 0.372262
0.584139 913 0.373021
0.584139 912 0.373037
0.584139 911 0.373213
0.584139 910 0.373542
0.584139 909 0.373685
0.584139 908 0.375105
0.584139 907 0.37517
0.584139 906 0.375876
0.584139 905 0.376609
0.584139 904 0.377653
0.584139 903 0.378715
0.584139 902 0.378907
0.584139 901 0.379457
0.584139 900 0.379496
0.584139 899 0.380419
0.584139 898 0.381843
0.584139 897 0.381934
0.584139 896 0.382471
0.584139 895 0.383736
0.584139 894 0.383776
0.584139 893 0.384403
0.584139 892 0.386384
0.584139 891 0.387117
0.584139 890 0.387968
0.584139 889 0.38926
0.584139 888 0.390288
0.584139 887 0.391733
0.584139 886 0.391762
0.584139 885 0.391934
0.584139 884 0.392485
0.584139 883 0.392677
0.584139 882 0.394358
0.584139 881 0.394666
0.584139 880 0.394774
0.584139 879 0.394985
0.584139 878 0.395055
0.584139 877 0.396001
0.584139 876 0.396967
0.584139 875 0.397561
0.584139 874 0.397588
0.584139 873 0.397847
0.584139 872 0.3985
0.584139 871 0.398794
0.584139 870 0.399867
0.584139 869 0.400826
0.584139 868 0.401287
0.584139 867 0.401312
0.584139 866 0.40231
0.584139 865 0.402636
0.584139 864 0.402935
0.584139 863 0.403063
0.584139 862 0.404829
0.584139 861 0.404973
0.584139 860 0.40629
0.584139 859 0.406816
0.584139 858 0.407311
0.584139 857 0.408157
0.584139 856 0.408263
0.584139 855 0.409116
0.584139 854 0.409199
0.584139 853 0.409356
0.584139 852 0.409529
0.584139 851 0.409708
0.584139 850 0.409727
0.584139 849 0.409848
0.584139 848 0.410277
0.584139 847 0.4111
0.584139 846 0.411246
0.584139 845 0.411832
0.584139 844 0.412368
0.584139 843 0.412733
0.584139 842 0.413146
0.584139 841 0.414323
0.584139 840 0.41449
0.582205 840 0.41511
0.582205 839 0.415308
0.580271 839 0.415574
0.580271 838 0.417105
0.580271 837 0.417606
0.580271 836 0.417766
0.580271 835 0.418988
0.580271 834 0.419785
0.580271 833 0.421593
0.580271 832 0.423659
0.580271 831 0.424039
0.580271 830 0.425091
0.580271 829 0.426105
0.580271 828 0.42672
0.580271 827 0.426789
0.580271 826 0.426966
0.580271 825 0.427557
0.578337 825 0.4276
0.578337 824 0.429186
0.578337 823 0.429916
0.578337 822 0.431003
0.578337 821 0.431519
0.578337 820 0.432508
0.578337 819 0.432976
0.578337 818 0.433052
0.578337 817 0.433087
0.578337 816 0.434364
0.578337 815 0.435101
0.578337 814 0.43518
0.578337 813 0.43645
0.578337 812 0.437544
0.578337 811 0.437632
0.578337 810 0.43799
0.578337 809 0.438581
0.578337 808 0.439507
0.578337 807 0.440947
0.578337 806 0.441123
0.578337 805 0.441631
0.578337 804 0.442844
0.578337 803 0.446281
0.578337 802 0.446893
0.578337 801 0.448576
0.578337 800 0.448717
0.578337 799 0.449534
0.578337 798 0.449549
0.578337 797 0.45068
0.578337 796 0.450869
0.578337 795 0.452249
0.578337 794 0.452445
0.578337 793 0.452736
0.576402 793 0.456618
0.576402 792 0.457436
0.576402 791 0.45879
0.576402 790 0.458907
0.576402 789 0.459158
0.576402 788 0.459766
0.576402 787 0.460183
0.576402 786 0.461097
0.576402 785 0.462079
0.576402 784 0.462303
0.576402 783 0.462872
0.576402 782 0.463645
0.576402 781 0.464288
0.576402 780 0.465157
0.576402 779 0.46647
0.576402 778 0.467755
0.576402 777 0.471041
0.576402 776 0.471136
0.576402 775 0.471983
0.576402 774 0.473442
0.576402 773 0.474221
0.576402 772 0.474507
0.576402 771 0.476274
0.576402 770 0.476329
0.576402 769 0.476577
0.574468 769 0.477348
0.574468 768 0.477871
0.574468 767 0.478147
0.574468 766 0.479195
0.574468 765 0.48016
0.574468 764 0.481407
0.574468 763 0.481428
0.574468 762 0.481643
0.574468 761 0.48195
0.574468 760 0.482284
0.574468 759 0.483553
0.574468 758 0.484548
0.574468 757 0.48565
0.574468 756 0.486866
0.574468 755 0.486968
0.574468 754 0.491689
0.574468 753 0.493266
0.574468 752 0.495533
0.574468 751 0.495832
0.574468 750 0.497822
0.574468 749 0.499608
0.574468 748 0.501157
0.574468 747 0.502312
0.574468 746 0.502445
0.574468 745 0.503604
0.574468 744 0.504124
0.574468 743 0.504171
0.574468 742 0.504654
0.574468 741 0.505278
0.574468 740 0.505434
0.574468 739 0.505985
0.574468 738 0.506073
0.574468 737 0.508177
0.574468 736 0.50957
0.574468 735 0.510015
0.574468 734 0.511071
0.574468 733 0.511365
0.574468 732 0.511617
0.574468 731 0.511757
0.574468 730 0.512093
0.574468 729 0.512707
0.574468 728 0.51296
0.574468 727 0.513427
0.574468 726 0.514668
0.574468 725 0.515724
0.574468 724 0.515756
0.574468 723 0.515977
0.574468 722 0.516504
0.574468 721 0.517956
0.574468 720 0.5183
0.574468 719 0.518483
0.574468 718 0.518968
0.574468 717 0.519382
0.574468 716 0.520823
0.574468 715 0.523122
0.574468 714 0.524687
0.574468 713 0.525462
0.574468 712 0.525802
0.574468 711 0.526466
0.574468 710 0.527023
0.574468 709 0.52803
0.574468 708 0.528124
0.574468 707 0.528477
0.574468 706 0.528867
0.574468 705 0.529474
0.574468 704 0.529557
0.574468 703 0.531071
0.574468 702 0.531491
0.574468 701 0.533648
0.574468 700 0.533967
0.574468 699 0.535602
0.574468 698 0.536357
0.574468 697 0.539675
0.574468 696 0.540216
0.574468 695 0.540325
0.574468 694 0.54089
0.572534 694 0.541095
0.572534 693 0.541602
0.572534 692 0.543209
0.572534 691 0.543783
0.572534 690 0.545411
0.572534 689 0.546294
0.572534 688 0.547375
0.572534 687 0.547376
0.572534 686 0.547759
0.572534 685 0.54806
0.572534 684 0.552545
0.572534 683 0.552782
0.572534 682 0.553454
0.572534 681 0.553803
0.572534 680 0.554075
0.572534 679 0.555167
0.572534 678 0.55657
0.572534 677 0.556902
0.572534 676 0.557228
0.572534 675 0.557245
0.572534 674 0.55749
0.572534 673 0.557651
0.572534 672 0.558547
0.572534 671 0.558844
0.572534 670 0.558875
0.572534 669 0.558966
0.572534 668 0.559471
0.572534 667 0.560976
0.5706 667 0.561451
0.5706 666 0.561572
0.5706 665 0.562228
0.5706 664 0.563421
0.5706 663 0.564278
0.5706 662 0.565712
0.5706 661 0.56731
0.5706 660 0.568648
0.5706 659 0.568792
0.5706 658 0.569614
0.5706 657 0.570471
0.5706 656 0.570697
0.5706 655 0.571339
0.5706 654 0.571526
0.5706 653 0.573351
0.5706 652 0.575525
0.5706 651 0.578943
0.5706 650 0.579443
0.5706 649 0.582259
0.5706 648 0.584647
0.5706 647 0.584993
0.5706 646 0.585086
0.5706 645 0.585734
0.5706 644 0.586497
0.5706 643 0.588578
0.5706 642 0.589083
0.5706 641 0.58958
0.5706 640 0.589986
0.5706 639 0.590786
0.5706 638 0.593475
0.5706 637 0.59354
0.5706 636 0.593918
0.5706 635 0.594596
0.5706 634 0.59762
0.5706 633 0.598085
0.5706 632 0.598544
0.5706 631 0.598702
0.568665 631 0.598862
0.568665 630 0.599328
0.568665 629 0.604485
0.568665 628 0.604615
0.568665 627 0.604854
0.568665 626 0.605248
0.568665 625 0.605392
0.568665 624 0.605806
0.568665 623 0.606254
0.568665 622 0.607976
0.568665 621 0.607982
0.568665 620 0.611031
0.568665 619 0.61231
0.568665 618 0.612706
0.568665 617 0.613165
0.568665 616 0.613452
0.568665 615 0.613986
0.568665 614 0.614643
0.568665 613 0.615494
0.568665 612 0.615984
0.568665 611 0.616844
0.568665 610 0.61975
0.568665 609 0.619845
0.568665 608 0.619934
0.568665 607 0.620495
0.568665 606 0.621122
0.568665 605 0.622065
0.568665 604 0.623601
0.568665 603 0.623655
0.568665 602 0.626337
0.568665 601 0.627965
0.568665 600 0.628259
0.568665 599 0.628587
0.568665 598 0.62877
0.568665 597 0.628794
0.568665 596 0.628937
0.568665 595 0.6291
0.568665 594 0.629578
0.568665 593 0.630324
0.568665 592 0.630746
0.566731 592 0.630893
0.566731 591 0.631024
0.566731 590 0.631315
0.566731 589 0.631841
0.566731 588 0.633499
0.566731 587 0.636065
0.566731 586 0.636521
0.566731 585 0.637008
0.566731 584 0.637282
0.566731 583 0.637332
0.566731 582 0.638227
0.566731 581 0.638269
0.566731 580 0.640984
0.566731 579 0.642159
0.566731 578 0.642229
0.566731 577 0.642501
0.566731 576 0.642714
0.566731 575 0.643038
0.566731 574 0.645309
0.566731 573 0.645393
0.566731 572 0.646047
0.566731 571 0.646537
0.566731 570 0.648938
0.566731 569 0.649247
0.566731 568 0.649617
0.566731 567 0.650148
0.566731 566 0.651501
0.566731 565 0.65177
0.566731 564 0.651978
0.566731 563 0.653992
0.566731 562 0.654046
0.566731 561 0.654412
0.566731 560 0.654495
0.566731 559 0.656283
0.566731 558 0.657169
0.566731 557 0.657882
0.566731 556 0.658013
0.566731 555 0.658138
0.566731 554 0.659093
0.566731 553 0.659299
0.566731 552 0.661012
0.566731 551 0.6616
0.566731 550 0.666676
0.566731 549 0.667581
0.566731 548 0.667726
0.566731 547 0.669277
0.566731 546 0.670115
0.566731 545 0.671423
0.566731 544 0.672359
0.566731 543 0.672519
0.566731 542 0.673288
0.566731 541 0.674178
0.566731 540 0.674857
0.566731 539 0.675611
0.566731 538 0.67638
0.566731 537 0.676572
0.566731 536 0.676689
0.566731 535 0.677354
0.566731 534 0.679936
0.566731 533 0.680907
0.566731 532 0.681635
0.566731 531 0.682276
0.566731 530 0.683008
0.566731 529 0.687164
0.566731 528 0.687266
0.566731 527 0.68911
0.566731 526 0.69005
0.566731 525 0.694165
0.566731 524 0.695216
0.566731 523 0.696317
0.566731 522 0.696449
0.566731 521 0.696473
0.566731 520 0.69652
0.566731 519 0.697434
0.566731 518 0.69759
0.566731 517 0.699295
0.566731 516 0.70054
0.566731 515 0.700655
0.566731 514 0.700979
0.566731 513 0.701783
0.566731 512 0.702003
0.566731 511 0.703907
0.566731 510 0.704141
0.566731 509 0.704905
0.566731 508 0.705327
0.566731 507 0.705965
0.566731 506 0.707001
0.566731 505 0.707389
0.566731 504 0.708485
0.566731 503 0.708868
0.564797 503 0.710465
0.564797 502 0.711855
0.564797 501 0.712169
0.564797 500 0.712501
0.564797 499 0.712641
0.564797 498 0.712721
0.564797 497 0.71311
0.564797 496 0.713626
0.564797 495 0.715226
0.564797 494 0.715924
0.564797 493 0.716334
0.564797 492 0.718628
0.564797 491 0.72007
0.564797 490 0.720391
0.564797 489 0.721528
0.564797 488 0.721778
0.564797 487 0.724985
0.564797 486 0.725275
0.564797 485 0.726949
0.564797 484 0.727008
0.564797 483 0.72725
0.564797 482 0.727997
0.564797 481 0.728307
0.564797 480 0.730962
0.564797 479 0.731538
0.564797 478 0.731634
0.564797 477 0.733229
0.564797 476 0.735977
0.564797 475 0.736673
0.564797 474 0.738854
0.564797 473 0.739637
0.562863 473 0.740886
0.562863 472 0.741408
0.562863 471 0.741816
0.562863 470 0.742504
0.562863 469 0.743956
0.562863 468 0.74596
0.562863 467 0.745971
0.562863 466 0.747377
0.562863 465 0.749356
0.562863 464 0.749409
0.562863 463 0.749587
0.562863 462 0.749889
0.562863 461 0.751829
0.560928 461 0.75362
0.560928 460 0.756156
0.560928 459 0.756471
0.560928 458 0.757005
0.560928 457 0.758217
0.560928 456 0.761625
0.560928 455 0.762361
0.560928 454 0.763615
0.560928 453 0.766842
0.560928 452 0.766906
0.560928 451 0.769499
0.560928 450 0.769625
0.560928 449 0.771254
0.560928 448 0.772428
0.560928 447 0.772757
0.560928 446 0.773218
0.560928 445 0.773805
0.560928 444 0.774538
0.560928 443 0.774795
0.560928 442 0.77649
0.560928 441 0.777902
0.560928 440 0.777976
0.560928 439 0.778411
0.560928 438 0.78238
0.560928 437 0.784072
0.560928 436 0.78408
0.560928 435 0.784133
0.560928 434 0.785287
0.560928 433 0.785404
0.560928 432 0.786276
0.560928 431 0.786981
0.560928 430 0.787608
0.560928 429 0.790144
0.560928 428 0.790561
0.560928 427 0.790949
0.558994 427 0.791523
0.558994 426 0.791967
0.558994 425 0.793398
0.558994 424 0.793844
0.558994 423 0.793858
0.558994 422 0.794793
0.558994 421 0.794847
0.558994 420 0.795256
0.558994 419 0.797883
0.55706 419 0.798007
0.55706 418 0.79813
0.55706 417 0.798284
0.55706 416 0.798286
0.55706 415 0.799546
0.55706 414 0.799554
0.55706 413 0.800985
0.55706 412 0.801076
0.55706 411 0.802011
0.55706 410 0.802535
0.55706 409 0.80295
0.55706 408 0.803271
0.55706 407 0.804185
0.55706 406 0.804263
0.55706 405 0.804708
0.555126 405 0.807532
0.555126 404 0.808247
0.555126 403 0.808329
0.555126 402 0.809406
0.555126 401 0.809952
0.555126 400 0.809968
0.555126 399 0.811599
0.555126 398 0.812337
0.555126 397 0.812665
0.555126 396 0.81398
0.555126 395 0.814101
0.555126 394 0.81412
0.555126 393 0.814204
0.555126 392 0.815036
0.555126 391 0.815089
0.555126 390 0.815754
0.555126 389 0.817475
0.555126 388 0.817728
0.555126 387 0.817771
0.555126 386 0.818558
0.555126 385 0.819306
0.555126 384 0.822376
0.553191 384 0.82245
0.553191 383 0.82493
0.553191 382 0.825545
0.553191 381 0.826355
0.551257 381 0.827443
0.551257 380 0.827448
0.551257 379 0.829888
0.551257 378 0.833614
0.551257 377 0.834134
0.551257 376 0.83448
0.549323 376 0.836447
0.549323 375 0.838549
0.549323 374 0.838665
0.549323 373 0.839654
0.549323 372 0.839942
0.549323 371 0.84153
0.549323 370 0.842348
0.549323 369 0.845116
0.549323 368 0.845528
0.549323 367 0.845619
0.549323 366 0.847811
0.549323 365 0.847864
0.549323 364 0.848976
0.549323 363 0.852108
0.549323 362 0.852321
0.549323 361 0.854487
0.549323 360 0.854561
0.549323 359 0.857804
0.549323 358 0.858409
0.549323 357 0.858559
0.549323 356 0.859335
0.547389 356 0.85975
0.547389 355 0.860348
0.547389 354 0.860718
0.547389 353 0.860917
0.545455 353 0.861194
0.545455 352 0.862132
0.545455 351 0.863247
0.545455 350 0.863376
0.545455 349 0.86535
0.545455 348 0.865453
0.545455 347 0.865494
0.545455 346 0.866624
0.545455 345 0.867915
0.545455 344 0.868411
0.545455 343 0.86908
0.545455 342 0.870487
0.545455 341 0.870915
0.54352 341 0.871492
0.54352 340 0.871683
0.54352 339 0.873034
0.54352 338 0.874429
0.54352 337 0.876002
0.54352 336 0.876184
0.54352 335 0.876637
0.541586 335 0.876722
0.541586 334 0.87688
0.541586 333 0.876932
0.541586 332 0.877312
0.541586 331 0.877602
0.539652 331 0.878645
0.539652 330 0.87866
0.539652 329 0.878786
0.539652 328 0.879251
0.539652 327 0.879652
0.539652 326 0.88144
0.539652 325 0.882707
0.539652 324 0.884599
0.539652 323 0.884875
0.539652 322 0.884911
0.539652 321 0.885022
0.539652 320 0.885149
0.539652 319 0.885945
0.537718 319 0.88622
0.537718 318 0.886272
0.537718 317 0.886799
0.537718 316 0.886842
0.537718 315 0.888466
0.537718 314 0.88893
0.537718 313 0.888985
0.537718 312 0.89003
0.537718 311 0.890297
0.537718 310 0.891384
0.535783 310 0.893583
0.535783 309 0.894559
0.535783 308 0.89495
0.535783 307 0.89597
0.535783 306 0.896937
0.535783 305 0.898281
0.535783 304 0.899813
0.535783 303 0.899866
0.535783 302 0.900521
0.535783 301 0.901322
0.535783 300 0.90142
0.535783 299 0.90201
0.535783 298 0.902442
0.535783 297 0.902636
0.535783 296 0.902994
0.535783 295 0.903861
0.535783 294 0.903999
0.535783 293 0.904815
0.535783 292 0.905331
0.535783 291 0.90559
0.535783 290 0.906206
0.535783 289 0.906502
0.535783 288 0.906514
0.535783 287 0.907861
0.535783 286 0.907991
0.535783 285 0.909292
0.535783 284 0.910617
0.535783 283 0.911058
0.533849 283 0.912829
0.533849 282 0.913418
0.533849 281 0.915121
0.531915 281 0.915233
0.531915 280 0.91535
0.531915 279 0.915855
0.531915 278 0.917464
0.531915 277 0.91838
0.531915 276 0.918442
0.531915 275 0.919352
0.531915 274 0.921196
0.531915 273 0.921355
0.531915 272 0.921742
0.531915 271 0.922743
0.531915 270 0.923512
0.531915 269 0.923752
0.531915 268 0.925181
0.531915 267 0.925254
0.531915 266 0.925946
0.531915 265 0.926438
0.531915 264 0.92688
0.531915 263 0.927337
0.531915 262 0.929695
0.531915 261 0.931668
0.531915 260 0.932258
0.531915 259 0.932297
0.531915 258 0.933001
0.531915 257 0.933252
0.531915 256 0.933612
0.531915 255 0.933683
0.531915 254 0.933863
0.529981 254 0.934283
0.529981 253 0.934457
0.529981 252 0.934697
0.529981 251 0.935402
0.529981 250 0.935478
0.529981 249 0.936051
0.529981 248 0.936264
0.529981 247 0.936336
0.529981 246 0.936677
0.529981 245 0.936741
0.529981 244 0.937625
0.529981 243 0.938213
0.529981 242 0.938782
0.529981 241 0.939708
0.529981 240 0.939729
0.529981 239 0.939888
0.529981 238 0.940301
0.528046 238 0.940484
0.526112 238 0.941118
0.526112 237 0.941176
0.526112 236 0.941407
0.526112 235 0.941749
0.526112 234 0.942515
0.526112 233 0.942566
0.526112 232 0.943282
0.524178 232 0.944328
0.524178 231 0.945284
0.524178 230 0.945661
0.522244 230 0.945678
0.522244 229 0.94579
0.522244 228 0.94693
0.522244 227 0.947102
0.522244 226 0.947868
0.520309 226 0.948739
0.520309 225 0.949079
0.518375 225 0.949581
0.518375 224 0.949765
0.518375 223 0.949962
0.518375 222 0.951419
0.518375 221 0.952097
0.518375 220 0.952225
0.518375 219 0.95226
0.518375 218 0.952953
0.518375 217 0.953153
0.518375 216 0.954513
0.518375 215 0.955922
0.518375 214 0.956157
0.518375 213 0.956484
0.518375 212 0.95688
0.518375 211 0.95718
0.518375 210 0.957934
0.518375 209 0.958147
0.518375 208 0.958366
0.518375 207 0.958468
0.518375 206 0.958762
0.518375 205 0.959064
0.518375 204 0.959257
0.516441 204 0.959413
0.516441 203 0.959765
0.516441 202 0.960193
0.514507 202 0.960848
0.514507 201 0.961089
0.514507 200 0.961716
0.512573 200 0.962245
0.512573 199 0.962976
0.512573 198 0.963156
0.512573 197 0.963651
0.512573 196 0.963762
0.512573 195 0.96502
0.510638 195 0.96518
0.510638 194 0.96736
0.508704 194 0.968593
0.508704 193 0.969496
0.508704 192 0.969517
0.508704 191 0.970881
0.508704 190 0.971217
0.508704 189 0.971899
0.508704 188 0.972017
0.508704 187 0.973134
0.508704 186 0.973672
0.508704 185 0.973884
0.50677 185 0.974009
0.50677 184 0.974242
0.50677 183 0.974884
0.50677 182 0.976061
0.50677 181 0.976066
0.50677 180 0.976328
0.50677 179 0.976549
0.50677 178 0.976793
0.50677 177 0.976932
0.50677 176 0.977333
0.50677 175 0.977634
0.50677 174 0.97874
0.50677 173 0.978822
0.50677 172 0.979269
0.504836 172 0.979317
0.504836 171 0.979501
0.504836 170 0.980049
0.504836 169 0.980387
0.504836 168 0.98045
0.504836 167 0.980601
0.502901 167 0.981443
0.500967 167 0.981991
0.500967 166 0.982291
0.499033 166 0.982404
0.497099 166 0.982744
0.497099 165 0.982783
0.497099 164 0.983118
0.497099 163 0.983638
0.497099 162 0.983931
0.497099 161 0.983939
0.497099 160 0.983981
0.497099 159 0.984779
0.497099 158 0.984836
0.497099 157 0.985892
0.497099 156 0.986378
0.497099 155 0.986456
0.497099 154 0.986497
0.497099 153 0.986556
0.497099 152 0.987072
0.497099 151 0.987405
0.497099 150 0.987567
0.497099 149 0.987941
0.497099 148 0.988106
0.497099 147 0.988473
0.497099 146 0.988518
0.495164 146 0.988562
0.495164 145 0.988777
0.49323 145 0.988785
0.491296 145 0.988949
0.491296 144 0.989394
0.491296 143 0.98957
0.491296 142 0.98964
0.491296 141 0.989666
0.489362 141 0.990026
0.487427 141 0.990143
0.485493 141 0.990315
0.485493 140 0.990354
0.485493 139 0.990491
0.485493 138 0.990566
0.485493 137 0.991079
0.485493 136 0.991169
0.483559 136 0.991225
0.483559 135 0.991268
0.483559 134 0.991576
0.481625 134 0.99164
0.481625 133 0.991727
0.481625 132 0.991817
0.479691 132 0.991847
0.479691 131 0.99205
0.477756 131 0.992097
0.477756 130 0.992215
0.475822 130 0.992242
0.475822 129 0.992375
0.475822 128 0.99241
0.475822 127 0.992588
0.475822 126 0.992777
0.475822 125 0.992859
0.475822 124 0.992904
0.475822 123 0.99293
0.475822 122 0.993116
0.475822 121 0.993137
0.475822 120 0.99314
0.475822 119 0.993273
0.475822 118 0.993407
0.475822 117 0.993541
0.475822 116 0.993955
0.475822 115 0.994085
0.473888 115 0.994177
0.473888 114 0.994236
0.473888 113 0.994344
0.471954 113 0.994537
0.471954 112 0.994651
0.471954 111 0.994828
0.471954 110 0.995074
0.470019 110 0.995117
0.470019 109 0.995233
0.470019 108 0.995246
0.468085 108 0.995345
0.468085 107 0.995368
0.468085 106 0.995535
0.468085 105 0.995709
0.468085 104 0.995794
0.466151 104 0.996108
0.464217 104 0.996273
0.464217 103 0.996291
0.462282 103 0.996351
0.462282 102 0.996525
0.462282 101 0.996586
0.462282 100 0.996588
0.462282 99 0.996648
0.460348 99 0.996881
0.460348 98 0.996954
0.460348 97 0.997004
0.460348 96 0.997156
0.460348 95 0.997279
0.460348 94 0.9973
0.460348 93 0.997307
0.460348 92 0.997318
0.460348 91 0.99745
0.460348 90 0.997482
0.458414 90 0.997554
0.458414 89 0.99756
0.45648 89 0.997588
0.45648 88 0.99759
0.45648 87 0.997616
0.454545 87 0.997668
0.454545 86 0.997718
0.452611 86 0.997719
0.452611 85 0.997746
0.452611 84 0.99778
0.450677 84 0.997815
0.448743 84 0.997846
0.448743 83 0.997903
0.446809 83 0.997943
0.446809 82 0.998001
0.446809 81 0.998089
0.446809 80 0.998128
0.444874 80 0.998141
0.444874 79 0.998162
0.444874 78 0.998238
0.44294 78 0.998347
0.44294 77 0.998401
0.441006 77 0.998426
0.439072 77 0.99846
0.439072 76 0.998479
0.439072 75 0.99852
0.439072 74 0.998568
0.437137 74 0.998573
0.437137 73 0.998582
0.437137 72 0.998615
0.437137 71 0.998644
0.435203 71 0.998704
0.433269 71 0.998803
0.431335 71 0.99885
0.4294 71 0.998872
0.4294 70 0.998891
0.427466 70 0.998958
0.427466 69 0.998972
0.425532 69 0.998985
0.423598 69 0.999003
0.421663 69 0.999036
0.421663 68 0.999109
0.421663 67 0.999117
0.421663 66 0.999167
0.419729 66 0.999194
0.419729 65 0.999235
0.417795 65 0.999251
0.417795 64 0.999255
0.417795 63 0.999269
0.415861 63 0.999293
0.413926 63 0.999326
0.411992 63 0.999338
0.411992 62 0.999368
0.411992 61 0.999371
0.411992 60 0.999388
0.410058 60 0.999417
0.410058 59 0.999434
0.408124 59 0.999456
0.40619 59 0.999492
0.40619 58 0.999493
0.404255 58 0.999509
0.402321 58 0.999517
0.402321 57 0.999519
0.402321 56 0.999546
0.402321 55 0.999554
0.400387 55 0.999576
0.398453 55 0.999585
0.398453 54 0.999599
0.396518 54 0.999601
0.396518 53 0.999611
0.396518 52 0.999631
0.396518 50 0.999649
0.394584 50 0.999656
0.394584 49 0.999669
0.394584 48 0.99967
0.39265 48 0.999672
0.39265 47 0.999689
0.39265 46 0.999694
0.39265 45 0.999709
0.39265 44 0.999718
0.390716 44 0.999728
0.388781 44 0.99973
0.386847 43 0.999734
0.384913 43 0.999737
0.384913 42 0.999739
0.382979 42 0.999748
0.382979 41 0.999768
0.382979 40 0.99978
0.381044 40 0.999781
0.37911 40 0.999785
0.377176 40 0.999797
0.377176 39 0.999799
0.375242 38 0.999806
0.373308 38 0.999809
0.371373 38 0.99981
0.371373 37 0.999812
0.369439 37 0.999816
0.367505 37 0.999821
0.365571 37 0.999837
0.363636 37 0.999847
0.363636 36 0.99986
0.361702 36 0.999862
0.361702 35 0.999868
0.361702 34 0.999874
0.359768 34 0.999882
0.357834 34 0.999884
0.357834 33 0.999896
0.355899 33 0.999907
0.353965 33 0.999908
0.353965 32 0.999911
0.353965 31 0.999912
0.352031 31 0.999917
0.352031 30 0.999922
0.350097 30 0.999923
0.348162 30 0.999936
0.346228 30 0.999937
0.344294 30 0.999941
0.338491 30 0.999943
0.334623 30 0.999944
0.332689 30 0.999949
0.330754 30 0.999951
0.330754 27 0.999953
0.32882 27 0.999954
0.32882 26 0.999955
0.326886 26 0.999959
0.323017 26 0.999962
0.319149 26 0.999964
0.317215 26 0.999966
0.31528 26 0.999967
0.311412 26 0.999968
0.309478 26 0.999969
0.307544 26 0.999971
0.305609 26 0.999973
0.303675 26 0.999975
0.301741 25 0.999976
0.301741 24 0.999981
0.297872 24 0.999982
0.295938 23 0.999983
0.294004 23 0.999986
0.288201 21 0.999987
0.284333 20 0.999989
0.284333 19 0.99999
0.27853 19 0.999991
0.27853 18 0.999992
0.276596 18 0.999993
0.270793 18 0.999994
0.270793 17 0.999995
0.259188 17 0.999996
0.247582 13 0.999997
0.237911 13 0.999998
0.224371 11 0.999999
0.185687 11 1
