0.675048 1775 0.10001
0.675048 1774 0.100384
0.675048 1773 0.100496
0.675048 1772 0.100741
0.675048 1771 0.100762
0.675048 1770 0.100779
0.675048 1769 0.100818
0.675048 1768 0.101127
0.675048 1767 0.101161
0.675048 1766 0.101199
0.675048 1765 0.101203
0.675048 1764 0.101368
0.675048 1763 0.101439
0.675048 1762 0.101493
0.675048 1761 0.101501
0.675048 1760 0.101929
0.675048 1759 0.101933
0.675048 1758 0.10216
0.675048 1757 0.10232
0.675048 1756 0.102543
0.675048 1755 0.10267
0.675048 1754 0.102726
0.675048 1753 0.102749
0.675048 1752 0.102931
0.675048 1751 0.103229
0.675048 1750 0.103418
0.675048 1749 0.103426
0.675048 1748 0.103464
0.675048 1747 0.103532
0.675048 1746 0.103593
0.675048 1745 0.103702
0.675048 1744 0.103719
0.675048 1743 0.103721
0.675048 1742 0.103812
0.675048 1741 0.103965
0.675048 1740 0.103966
0.675048 1739 0.104066
0.675048 1738 0.104132
0.675048 1737 0.10414
0.675048 1736 0.104153
0.675048 1735 0.104729
0.675048 1734 0.104784
0.675048 1733 0.104825
0.675048 1732 0.104929
0.675048 1731 0.105013
0.675048 1730 0.105034
0.675048 1729 0.105054
0.675048 1728 0.105094
0.675048 1727 0.105137
0.675048 1726 0.105475
0.675048 1725 0.105479
0.675048 1724 0.105665
0.675048 1723 0.105943
0.675048 1722 0.106142
0.675048 1721 0.106284
0.675048 1720 0.106363
0.675048 1719 0.106504
0.675048 1718 0.106558
0.675048 1717 0.106805
0.675048 1716 0.107127
0.675048 1715 0.107183
0.675048 1714 0.107329
0.675048 1713 0.107527
0.675048 1712 0.107651
0.675048 1711 0.107656
0.675048 1710 0.107989
0.675048 1709 0.108215
0.675048 1708 0.10837
0.675048 1707 0.109101
0.675048 1706 0.10931
0.675048 1705 0.109744
0.675048 1704 0.109883
0.675048 1703 0.109973
0.675048 1702 0.110155
0.675048 1701 0.110198
0.675048 1700 0.110457
0.675048 1699 0.110515
0.675048 1698 0.110588
0.675048 1697 0.110986
0.675048 1696 0.111096
0.675048 1695 0.111436
0.675048 1694 0.111454
0.675048 1693 0.111564
0.675048 1692 0.111736
0.675048 1691 0.111809
0.675048 1690 0.111841
0.675048 1689 0.11228
0.675048 1688 0.112365
0.675048 1687 0.112415
0.675048 1686 0.112459
0.675048 1685 0.11266
0.675048 1684 0.112893
0.675048 1683 0.112907
0.675048 1682 0.113009
0.675048 1681 0.113184
0.675048 1680 0.113324
0.675048 1679 0.113344
0.675048 1678 0.113501
0.675048 1677 0.113539
0.675048 1676 0.113686
0.675048 1675 0.113952
0.675048 1674 0.113994
0.675048 1673 0.114089
0.675048 1672 0.114361
0.675048 1671 0.114451
0.675048 1670 0.114556
0.675048 1669 0.114886
0.675048 1668 0.115165
0.675048 1667 0.115351
0.675048 1666 0.115385
0.675048 1665 0.115545
0.675048 1664 0.115575
0.675048 1663 0.115669
0.675048 1662 0.115806
0.675048 1661 0.115854
0.675048 1660 0.116003
0.675048 1659 0.116288
0.675048 1658 0.116407
0.675048 1657 0.116455
0.675048 1656 0.116704
0.675048 1655 0.117258
0.675048 1654 0.117489
0.675048 1653 0.117509
0.675048 1652 0.11754
0.675048 1651 0.117727
0.675048 1650 0.117961
0.675048 1649 0.118344
0.675048 1648 0.118578
0.675048 1647 0.118751
0.675048 1646 0.119161
0.675048 1645 0.119178
0.675048 1644 0.119211
0.675048 1643 0.119278
0.675048 1642 0.119342
0.675048 1641 0.119605
0.675048 1640 0.120157
0.675048 1639 0.120272
0.675048 1638 0.120437
0.675048 1637 0.120569
0.675048 1636 0.120644
0.675048 1635 0.120664
0.675048 1634 0.120729
0.675048 1633 0.120982
0.675048 1632 0.12107
0.675048 1631 0.121408
0.675048 1630 0.121643
0.675048 1629 0.121762
0.675048 1628 0.121931
0.675048 1627 0.121948
0.675048 1626 0.122066
0.675048 1625 0.122799
0.675048 1624 0.122885
0.675048 1623 0.122925
0.675048 1622 0.122944
0.675048 1621 0.123085
0.675048 1620 0.123222
0.675048 1619 0.123552
0.675048 1618 0.123571
0.675048 1617 0.123999
0.675048 1616 0.12417
0.675048 1615 0.124499
0.675048 1614 0.12454
0.675048 1613 0.12471
0.675048 1612 0.124765
0.675048 1611 0.12493
0.675048 1610 0.125191
0.675048 1609 0.125377
0.675048 1608 0.125464
0.675048 1607 0.125611
0.675048 1606 0.125871
0.675048 1605 0.126291
0.675048 1604 0.126349
0.675048 1603 0.126483
0.675048 1602 0.126725
0.675048 1601 0.127014
0.675048 1600 0.127385
0.675048 1599 0.127412
0.675048 1598 0.127646
0.675048 1597 0.127689
0.675048 1596 0.127956
0.675048 1595 0.128271
0.675048 1594 0.12829
0.675048 1593 0.128314
0.675048 1592 0.128817
0.675048 1591 0.129058
0.675048 1590 0.129194
0.675048 1589 0.129378
0.675048 1588 0.129449
0.675048 1587 0.129599
0.675048 1586 0.129619
0.675048 1585 0.129729
0.675048 1584 0.129821
0.675048 1583 0.129865
0.675048 1582 0.130361
0.675048 1581 0.130639
0.675048 1580 0.130938
0.675048 1579 0.131485
0.675048 1578 0.131925
0.675048 1577 0.132452
0.675048 1576 0.132547
0.673114 1576 0.132695
0.673114 1575 0.132806
0.673114 1574 0.13286
0.673114 1573 0.132886
0.673114 1572 0.132964
0.673114 1571 0.133112
0.673114 1570 0.13367
0.673114 1569 0.133733
0.673114 1568 0.133741
0.673114 1567 0.13375
0.673114 1566 0.134383
0.673114 1565 0.134447
0.673114 1564 0.134474
0.673114 1563 0.134565
0.673114 1562 0.134621
0.673114 1561 0.135605
0.673114 1560 0.136137
0.673114 1559 0.136336
0.673114 1558 0.136433
0.673114 1557 0.136526
0.673114 1556 0.137023
0.673114 1555 0.137048
0.673114 1554 0.137206
0.673114 1553 0.137264
0.673114 1552 0.137446
0.673114 1551 0.137463
0.673114 1550 0.137636
0.673114 1549 0.137664
0.673114 1548 0.137674
0.673114 1547 0.138384
0.673114 1546 0.138615
0.673114 1545 0.138671
0.673114 1544 0.138696
0.673114 1543 0.138739
0.673114 1542 0.138899
0.673114 1541 0.139154
0.673114 1540 0.139275
0.673114 1539 0.139427
0.673114 1538 0.139584
0.673114 1537 0.139712
0.673114 1536 0.139814
0.673114 1535 0.140133
0.673114 1534 0.140224
0.673114 1533 0.140858
0.67118 1533 0.140943
0.67118 1532 0.141106
0.67118 1531 0.141163
0.67118 1530 0.14137
0.67118 1529 0.141449
0.67118 1528 0.141626
0.67118 1527 0.141716
0.67118 1526 0.141777
0.67118 1525 0.141902
0.67118 1524 0.142288
0.67118 1523 0.142437
0.67118 1522 0.142712
0.67118 1521 0.14336
0.67118 1520 0.143362
0.67118 1519 0.143606
0.67118 1518 0.143719
0.67118 1517 0.143765
0.67118 1516 0.143782
0.67118 1515 0.143881
0.67118 1514 0.144405
0.67118 1513 0.144517
0.67118 1512 0.144746
0.67118 1511 0.144925
0.67118 1510 0.144973
0.67118 1509 0.145005
0.67118 1508 0.145329
0.67118 1507 0.145447
0.67118 1506 0.145456
0.67118 1505 0.145472
0.67118 1504 0.145723
0.67118 1503 0.146091
0.67118 1502 0.146104
0.67118 1501 0.14628
0.67118 1500 0.146476
0.67118 1499 0.146491
0.67118 1498 0.146759
0.67118 1497 0.146789
0.67118 1496 0.147215
0.67118 1495 0.14729
0.67118 1494 0.147839
0.67118 1493 0.147984
0.67118 1492 0.148025
0.67118 1491 0.148116
0.67118 1490 0.148172
0.67118 1489 0.148201
0.67118 1488 0.148452
0.67118 1487 0.148689
0.67118 1486 0.149062
0.67118 1485 0.14928
0.67118 1484 0.149284
0.67118 1483 0.149412
0.67118 1482 0.149438
0.67118 1481 0.149593
0.67118 1480 0.14979
0.67118 1479 0.15052
0.67118 1478 0.150536
0.67118 1477 0.150716
0.67118 1476 0.150945
0.67118 1475 0.1511
0.67118 1474 0.151122
0.67118 1473 0.151301
0.67118 1472 0.151318
0.67118 1471 0.151826
0.67118 1470 0.151982
0.67118 1469 0.151997
0.67118 1468 0.152063
0.67118 1467 0.152242
0.67118 1466 0.152558
0.67118 1465 0.152588
0.67118 1464 0.152589
0.67118 1463 0.152754
0.67118 1462 0.153591
0.67118 1461 0.153692
0.67118 1460 0.153697
0.67118 1459 0.154346
0.67118 1458 0.154609
0.67118 1457 0.154743
0.67118 1456 0.155051
0.67118 1455 0.155347
0.67118 1454 0.155442
0.67118 1453 0.155504
0.67118 1452 0.15573
0.67118 1451 0.155966
0.67118 1450 0.156127
0.67118 1449 0.156246
0.67118 1448 0.156342
0.67118 1447 0.156745
0.67118 1446 0.157051
0.67118 1445 0.15724
0.67118 1444 0.157297
0.67118 1443 0.157325
0.67118 1442 0.157351
0.67118 1441 0.157666
0.67118 1440 0.157924
0.67118 1439 0.157994
0.67118 1438 0.158012
0.67118 1437 0.158205
0.67118 1436 0.158489
0.67118 1435 0.158652
0.67118 1434 0.159116
0.67118 1433 0.159433
0.67118 1432 0.159481
0.67118 1431 0.159723
0.67118 1430 0.159803
0.67118 1429 0.160022
0.67118 1428 0.160415
0.67118 1427 0.160723
0.67118 1426 0.16078
0.67118 1425 0.160939
0.67118 1424 0.16096
0.669246 1424 0.160975
0.669246 1423 0.161242
0.669246 1422 0.161343
0.669246 1421 0.161737
0.669246 1420 0.162422
0.669246 1419 0.162855
0.669246 1418 0.16302
0.669246 1417 0.163176
0.669246 1416 0.163507
0.669246 1415 0.163542
0.669246 1414 0.163574
0.669246 1413 0.163627
0.669246 1412 0.164045
0.669246 1411 0.164238
0.669246 1410 0.164469
0.669246 1409 0.164551
0.669246 1408 0.164716
0.669246 1407 0.164762
0.669246 1406 0.165851
0.669246 1405 0.166286
0.669246 1404 0.166789
0.669246 1403 0.167051
0.667311 1403 0.167368
0.667311 1402 0.167486
0.667311 1401 0.168069
0.667311 1400 0.168541
0.667311 1399 0.16875
0.667311 1398 0.168814
0.667311 1397 0.16887
0.667311 1396 0.169056
0.667311 1395 0.169188
0.667311 1394 0.169221
0.667311 1393 0.169644
0.667311 1392 0.170029
0.667311 1391 0.170637
0.667311 1390 0.171066
0.667311 1389 0.171188
0.667311 1388 0.17123
0.667311 1387 0.17132
0.667311 1386 0.171534
0.667311 1385 0.171579
0.667311 1384 0.171599
0.667311 1383 0.171796
0.667311 1382 0.172273
0.667311 1381 0.172354
0.667311 1380 0.172931
0.667311 1379 0.172953
0.667311 1378 0.17311
0.667311 1377 0.173938
0.667311 1376 0.174056
0.667311 1375 0.17466
0.667311 1374 0.174761
0.667311 1373 0.175427
0.667311 1372 0.175731
0.667311 1371 0.176136
0.667311 1370 0.176338
0.667311 1369 0.176348
0.667311 1368 0.176884
0.667311 1367 0.177351
0.667311 1365 0.177393
0.667311 1364 0.177406
0.667311 1363 0.177449
0.667311 1362 0.17807
0.667311 1361 0.178189
0.667311 1360 0.178312
0.667311 1359 0.178686
0.667311 1358 0.179418
0.667311 1357 0.17978
0.667311 1356 0.180219
0.667311 1355 0.180535
0.667311 1354 0.180755
0.667311 1353 0.180818
0.667311 1352 0.182021
0.667311 1351 0.183
0.667311 1350 0.183152
0.667311 1349 0.183166
0.667311 1348 0.183226
0.667311 1347 0.183285
0.667311 1346 0.183413
0.667311 1345 0.183664
0.667311 1344 0.183736
0.667311 1343 0.184321
0.667311 1342 0.184521
0.667311 1341 0.184552
0.667311 1340 0.184762
0.667311 1339 0.185012
0.667311 1338 0.186379
0.667311 1337 0.18682
0.667311 1336 0.18697
0.667311 1335 0.18701
0.667311 1334 0.187189
0.667311 1333 0.187307
0.667311 1332 0.187376
0.667311 1331 0.187445
0.667311 1330 0.188961
0.667311 1329 0.189563
0.667311 1328 0.189566
0.667311 1327 0.190148
0.667311 1326 0.190222
0.667311 1325 0.190262
0.667311 1324 0.190506
0.667311 1323 0.190608
0.667311 1322 0.191191
0.667311 1321 0.191242
0.667311 1320 0.191303
0.667311 1319 0.191422
0.667311 1318 0.192057
0.667311 1317 0.192416
0.667311 1316 0.192425
0.667311 1315 0.192523
0.667311 1314 0.192881
0.667311 1313 0.192939
0.667311 1312 0.193302
0.667311 1311 0.194185
0.667311 1310 0.194519
0.667311 1309 0.194755
0.667311 1308 0.194941
0.667311 1307 0.195254
0.667311 1306 0.196392
0.667311 1305 0.196393
0.667311 1304 0.196521
0.667311 1303 0.19681
0.667311 1302 0.196812
0.667311 1301 0.196965
0.667311 1300 0.197218
0.667311 1299 0.198191
0.667311 1298 0.198414
0.667311 1297 0.198695
0.667311 1296 0.199676
0.667311 1295 0.200014
0.667311 1294 0.200875
0.667311 1293 0.201035
0.667311 1292 0.201248
0.667311 1291 0.201395
0.667311 1290 0.20145
0.667311 1289 0.201847
0.667311 1288 0.202191
0.667311 1287 0.202404
0.667311 1286 0.202639
0.667311 1285 0.202788
0.665377 1285 0.202822
0.665377 1284 0.202945
0.665377 1283 0.203358
0.665377 1282 0.204087
0.665377 1281 0.204336
0.665377 1280 0.204342
0.665377 1279 0.204391
0.665377 1278 0.204533
0.665377 1277 0.204724
0.665377 1276 0.204801
0.665377 1275 0.205339
0.665377 1274 0.205925
0.665377 1273 0.20626
0.665377 1272 0.206384
0.665377 1271 0.206428
0.665377 1270 0.206482
0.665377 1269 0.20668
0.665377 1268 0.207315
0.665377 1267 0.207491
0.665377 1266 0.207516
0.665377 1265 0.207518
0.665377 1264 0.207556
0.665377 1263 0.207584
0.665377 1262 0.207849
0.665377 1261 0.208589
0.665377 1260 0.208671
0.665377 1259 0.208741
0.665377 1258 0.20914
0.665377 1257 0.20977
0.665377 1256 0.209796
0.665377 1255 0.210173
0.665377 1254 0.210259
0.665377 1253 0.210292
0.665377 1252 0.210366
0.665377 1251 0.210759
0.665377 1250 0.211119
0.665377 1249 0.211568
0.665377 1248 0.211768
0.665377 1247 0.211983
0.665377 1246 0.212352
0.665377 1245 0.212729
0.665377 1244 0.213021
0.665377 1243 0.213081
0.665377 1242 0.213713
0.665377 1241 0.214285
0.665377 1240 0.214888
0.665377 1239 0.2154
0.665377 1238 0.215434
0.665377 1237 0.215962
0.665377 1236 0.216201
0.665377 1235 0.216293
0.665377 1234 0.217325
0.665377 1233 0.217626
0.665377 1232 0.217734
0.665377 1231 0.218023
0.665377 1230 0.218061
0.665377 1229 0.218969
0.665377 1228 0.219031
0.665377 1227 0.219439
0.665377 1226 0.219596
0.665377 1225 0.219793
0.665377 1224 0.220256
0.665377 1223 0.220454
0.665377 1222 0.221299
0.665377 1221 0.221496
0.665377 1220 0.221557
0.665377 1219 0.22205
0.665377 1218 0.222493
0.665377 1217 0.222494
0.665377 1216 0.223431
0.665377 1215 0.223442
0.665377 1214 0.223665
0.665377 1213 0.224176
0.665377 1212 0.224446
0.665377 1211 0.224739
0.665377 1210 0.224804
0.665377 1209 0.226058
0.665377 1208 0.226242
0.665377 1207 0.227256
0.665377 1206 0.227486
0.665377 1205 0.228159
0.665377 1204 0.228378
0.665377 1203 0.228911
0.665377 1202 0.228963
0.665377 1201 0.228979
0.663443 1201 0.229012
0.663443 1200 0.229424
0.663443 1199 0.229452
0.663443 1198 0.229768
0.663443 1197 0.229816
0.663443 1196 0.230277
0.663443 1195 0.230812
0.663443 1194 0.230841
0.663443 1193 0.230914
0.663443 1192 0.230938
0.663443 1191 0.23103
0.663443 1190 0.231043
0.663443 1189 0.231146
0.663443 1188 0.231424
0.663443 1187 0.231611
0.663443 1186 0.232382
0.663443 1185 0.232619
0.663443 1184 0.232678
0.663443 1183 0.232851
0.663443 1182 0.23316
0.663443 1181 0.234
0.661509 1181 0.234174
0.661509 1180 0.234224
0.661509 1179 0.234271
0.661509 1178 0.234858
0.661509 1177 0.234892
0.661509 1176 0.235834
0.661509 1175 0.235857
0.661509 1174 0.236022
0.661509 1173 0.236233
0.661509 1172 0.236245
0.659574 1172 0.237194
0.659574 1171 0.237651
0.659574 1170 0.237839
0.659574 1169 0.238649
0.659574 1168 0.238779
0.659574 1167 0.238945
0.659574 1166 0.239169
0.659574 1165 0.240287
0.659574 1164 0.241538
0.659574 1163 0.241558
0.659574 1162 0.242779
0.659574 1161 0.243423
0.659574 1160 0.243811
0.661509 1158 0.244238
0.661509 1157 0.244578
0.661509 1156 0.245282
0.661509 1155 0.245599
0.661509 1154 0.246169
0.661509 1153 0.246396
0.661509 1152 0.246684
0.661509 1151 0.246778
0.661509 1150 0.246874
0.661509 1149 0.248222
0.661509 1148 0.248765
0.661509 1147 0.248924
0.661509 1146 0.249372
0.661509 1145 0.249474
0.661509 1144 0.250115
0.661509 1143 0.25032
0.661509 1142 0.250399
0.661509 1141 0.250647
0.661509 1140 0.251172
0.661509 1139 0.251483
0.661509 1138 0.252749
0.661509 1137 0.253091
0.661509 1136 0.253785
0.659574 1136 0.254956
0.659574 1135 0.255173
0.659574 1134 0.255251
0.659574 1133 0.25529
0.659574 1132 0.256339
0.659574 1131 0.256939
0.659574 1130 0.257392
0.659574 1129 0.257742
0.659574 1128 0.258336
0.659574 1127 0.258708
0.659574 1126 0.259307
0.659574 1125 0.260349
0.659574 1124 0.261191
0.659574 1123 0.261449
0.659574 1122 0.262419
0.659574 1121 0.263185
0.659574 1120 0.263249
0.659574 1119 0.263572
0.659574 1118 0.263586
0.659574 1117 0.264128
0.659574 1116 0.264421
0.659574 1115 0.264749
0.659574 1114 0.265231
0.659574 1113 0.265717
0.659574 1112 0.266034
0.659574 1111 0.267017
0.659574 1110 0.267796
0.659574 1109 0.267804
0.659574 1108 0.268545
0.659574 1107 0.269818
0.659574 1106 0.271593
0.659574 1105 0.271805
0.659574 1104 0.273039
0.659574 1103 0.273166
0.659574 1102 0.27356
0.659574 1101 0.273662
0.659574 1100 0.273663
0.659574 1099 0.274403
0.659574 1098 0.274468
0.65764 1098 0.2751
0.65764 1097 0.275221
0.65764 1096 0.275473
0.65764 1095 0.275853
0.65764 1094 0.276223
0.65764 1093 0.276823
0.65764 1092 0.277091
0.65764 1091 0.277142
0.65764 1090 0.277339
0.65764 1089 0.277456
0.65764 1088 0.279496
0.65764 1087 0.279869
0.65764 1086 0.280172
0.65764 1085 0.281037
0.65764 1084 0.281068
0.65764 1083 0.281397
0.65764 1082 0.281674
0.65764 1081 0.281814
0.65764 1080 0.282217
0.65764 1079 0.282537
0.65764 1078 0.284212
0.65764 1077 0.284313
0.65764 1076 0.284538
0.65764 1075 0.28483
0.65764 1074 0.284854
0.65764 1073 0.285046
0.65764 1072 0.28727
0.65764 1071 0.287513
0.65764 1070 0.288314
0.65764 1069 0.288447
0.65764 1068 0.289588
0.65764 1067 0.289926
0.65764 1066 0.290035
0.65764 1065 0.290297
0.65764 1064 0.290382
0.65764 1063 0.290706
0.65764 1062 0.292045
0.65764 1061 0.292591
0.65764 1060 0.292705
0.65764 1059 0.292719
0.65764 1058 0.292748
0.65764 1057 0.293408
0.65764 1056 0.293746
0.65764 1055 0.293878
0.65764 1054 0.294349
0.65764 1053 0.295541
0.65764 1052 0.295758
0.65764 1051 0.296207
0.65764 1050 0.296418
0.65764 1049 0.297786
0.65764 1048 0.298942
0.65764 1047 0.299246
0.65764 1046 0.299715
0.65764 1045 0.299928
0.65764 1044 0.300476
0.65764 1043 0.300481
0.655706 1043 0.300609
0.655706 1042 0.301426
0.655706 1041 0.301599
0.655706 1040 0.302047
0.655706 1039 0.303046
0.655706 1038 0.303132
0.655706 1037 0.303274
0.655706 1036 0.3039
0.655706 1035 0.303959
0.655706 1034 0.30409
0.653772 1034 0.30451
0.653772 1033 0.304896
0.653772 1032 0.305423
0.653772 1031 0.3057
0.653772 1030 0.306124
0.653772 1029 0.306278
0.653772 1028 0.306539
0.653772 1027 0.306703
0.653772 1026 0.30674
0.653772 1025 0.307082
0.653772 1024 0.30731
0.653772 1023 0.307848
0.653772 1022 0.308538
0.653772 1021 0.308803
0.653772 1020 0.308869
0.653772 1019 0.309201
0.651838 1019 0.310033
0.651838 1018 0.310366
0.651838 1017 0.31133
0.651838 1016 0.311755
0.651838 1015 0.312129
0.651838 1014 0.31218
0.651838 1013 0.312608
0.651838 1012 0.312751
0.651838 1011 0.312855
0.651838 1010 0.312938
0.651838 1009 0.313121
0.651838 1008 0.313324
0.651838 1007 0.313333
0.651838 1006 0.314104
0.651838 1005 0.314192
0.651838 1004 0.314254
0.651838 1003 0.314266
0.651838 1002 0.315091
0.651838 1001 0.31513
0.651838 1000 0.31517
0.651838 999 0.315737
0.651838 998 0.315769
0.651838 997 0.316137
0.651838 996 0.316728
0.651838 995 0.317005
0.651838 994 0.3172
0.651838 993 0.317638
0.651838 992 0.318397
0.651838 991 0.319857
0.651838 990 0.319883
0.651838 989 0.322646
0.651838 988 0.322654
0.651838 987 0.322819
0.651838 986 0.322855
0.651838 985 0.322966
0.649903 985 0.323265
0.649903 984 0.323328
0.649903 983 0.323975
0.649903 982 0.324463
0.649903 981 0.325248
0.649903 980 0.325477
0.649903 979 0.325646
0.649903 978 0.325925
0.649903 977 0.32606
0.649903 976 0.326908
0.649903 975 0.327371
0.649903 974 0.327893
0.649903 973 0.328175
0.649903 972 0.328802
0.649903 971 0.329304
0.649903 970 0.329776
0.647969 970 0.33079
0.647969 969 0.332637
0.647969 968 0.333862
0.647969 967 0.334208
0.647969 966 0.33495
0.647969 965 0.334955
0.647969 964 0.335119
0.647969 963 0.335746
0.647969 962 0.336471
0.647969 961 0.337903
0.647969 960 0.339008
0.647969 959 0.339215
0.647969 958 0.339509
0.647969 957 0.339697
0.647969 956 0.340519
0.647969 955 0.341039
0.647969 954 0.342005
0.647969 953 0.342289
0.647969 952 0.342932
0.647969 951 0.343043
0.647969 950 0.343707
0.647969 949 0.344599
0.647969 948 0.346615
0.647969 947 0.34803
0.647969 946 0.349417
0.647969 945 0.350037
0.647969 944 0.350714
0.647969 943 0.351208
0.647969 942 0.353165
0.647969 941 0.353732
0.647969 940 0.353746
0.647969 939 0.354091
0.647969 938 0.354885
0.647969 937 0.356515
0.647969 936 0.356732
0.647969 935 0.358955
0.647969 934 0.360499
0.647969 933 0.360661
0.647969 932 0.361513
0.647969 931 0.361701
0.647969 930 0.362722
0.647969 929 0.363527
0.647969 928 0.363964
0.647969 927 0.36442
0.647969 926 0.364687
0.647969 925 0.365632
0.647969 924 0.366265
0.647969 923 0.366338
0.647969 922 0.366491
0.647969 921 0.366695
0.647969 920 0.367452
0.647969 919 0.367502
0.647969 918 0.367753
0.647969 917 0.368223
0.647969 916 0.368496
0.647969 915 0.368698
0.647969 914 0.368864
0.647969 913 0.370141
0.647969 912 0.370218
0.647969 911 0.370324
0.647969 910 0.372074
0.647969 909 0.372553
0.647969 908 0.373662
0.647969 907 0.373913
0.647969 906 0.375813
0.647969 905 0.375854
0.647969 904 0.376253
0.647969 903 0.376641
0.647969 902 0.376707
0.647969 901 0.377367
0.647969 900 0.377685
0.647969 899 0.37835
0.647969 898 0.379092
0.647969 897 0.379667
0.647969 896 0.380563
0.647969 895 0.380835
0.647969 894 0.381409
0.647969 893 0.381826
0.647969 892 0.383243
0.647969 891 0.384292
0.647969 890 0.384364
0.647969 889 0.38495
0.647969 888 0.384989
0.647969 887 0.385004
0.647969 886 0.385179
0.647969 885 0.385829
0.647969 884 0.385833
0.647969 883 0.385958
0.647969 882 0.386079
0.647969 881 0.38666
0.646035 881 0.387681
0.646035 880 0.388099
0.646035 879 0.389011
0.646035 878 0.389609
0.646035 877 0.390156
0.646035 876 0.39059
0.646035 875 0.390786
0.646035 874 0.391292
0.646035 873 0.392333
0.646035 872 0.394017
0.646035 871 0.394169
0.646035 870 0.394599
0.646035 869 0.395017
0.646035 868 0.395674
0.646035 867 0.396846
0.646035 866 0.397433
0.646035 865 0.397592
0.646035 864 0.398678
0.646035 863 0.398733
0.646035 862 0.401042
0.646035 861 0.402033
0.646035 860 0.404268
0.646035 859 0.404718
0.646035 858 0.405097
0.646035 857 0.405173
0.646035 856 0.405956
0.646035 855 0.405978
0.646035 854 0.406954
0.646035 853 0.408422
0.646035 852 0.409004
0.646035 851 0.409417
0.646035 850 0.409937
0.646035 849 0.411565
0.646035 848 0.411931
0.646035 847 0.413051
0.646035 846 0.413457
0.646035 845 0.415798
0.646035 844 0.415844
0.646035 843 0.417329
0.646035 842 0.417916
0.646035 841 0.419942
0.646035 840 0.421123
0.646035 839 0.422297
0.646035 838 0.422424
0.644101 838 0.422776
0.644101 837 0.422965
0.644101 836 0.423245
0.644101 835 0.424183
0.644101 834 0.42456
0.644101 833 0.424654
0.644101 832 0.424709
0.644101 831 0.424827
0.644101 830 0.425828
0.644101 829 0.426515
0.644101 828 0.4279
0.644101 827 0.428468
0.644101 826 0.429406
0.644101 825 0.430095
0.644101 824 0.431351
0.644101 823 0.431903
0.644101 822 0.433858
0.644101 821 0.434713
0.644101 820 0.434773
0.644101 819 0.435311
0.644101 818 0.436043
0.644101 817 0.437367
0.644101 816 0.437623
0.644101 815 0.438281
0.644101 814 0.439354
0.644101 813 0.440732
0.644101 812 0.441578
0.644101 811 0.441814
0.644101 810 0.44259
0.644101 809 0.444707
0.644101 808 0.447253
0.644101 807 0.447538
0.644101 806 0.447627
0.644101 805 0.4479
0.644101 804 0.450029
0.644101 803 0.450599
0.644101 802 0.454037
0.644101 801 0.456875
0.644101 800 0.456907
0.644101 799 0.458818
0.644101 798 0.459725
0.644101 797 0.461485
0.644101 796 0.462518
0.644101 795 0.462703
0.644101 794 0.463018
0.644101 793 0.463963
0.644101 792 0.464105
0.644101 791 0.464113
0.644101 790 0.464283
0.644101 789 0.465004
0.644101 788 0.465805
0.644101 787 0.4668
0.644101 786 0.468125
0.644101 785 0.469674
0.644101 784 0.470037
0.644101 783 0.471625
0.644101 782 0.471848
0.644101 781 0.472778
0.644101 780 0.472863
0.644101 779 0.473141
0.644101 778 0.473225
0.644101 777 0.473745
0.644101 776 0.473923
0.644101 775 0.474581
0.644101 774 0.475165
0.644101 773 0.475746
0.644101 772 0.475915
0.644101 771 0.477238
0.644101 770 0.477638
0.644101 769 0.478627
0.644101 768 0.4789
0.642166 768 0.480384
0.642166 767 0.480402
0.642166 766 0.480634
0.642166 765 0.481768
0.642166 764 0.481773
0.642166 763 0.481959
0.642166 762 0.482021
0.642166 761 0.484167
0.642166 760 0.484962
0.642166 759 0.485295
0.640232 759 0.485538
0.640232 758 0.486064
0.640232 757 0.48646
0.640232 756 0.488096
0.640232 755 0.490004
0.640232 754 0.490178
0.640232 753 0.491769
0.640232 752 0.492605
0.640232 751 0.493071
0.640232 750 0.494618
0.638298 750 0.495376
0.638298 749 0.495893
0.638298 748 0.495994
0.638298 747 0.500148
0.638298 746 0.500736
0.638298 745 0.501228
0.638298 744 0.502079
0.638298 743 0.503766
0.638298 742 0.504422
0.638298 741 0.505528
0.638298 740 0.50567
0.638298 739 0.507801
0.638298 738 0.508455
0.638298 737 0.509152
0.638298 736 0.511173
0.638298 735 0.511714
0.638298 734 0.512065
0.638298 733 0.512237
0.638298 732 0.512565
0.638298 731 0.512766
0.638298 730 0.512779
0.638298 729 0.51395
0.638298 728 0.514914
0.638298 727 0.515339
0.638298 726 0.515435
0.638298 725 0.515734
0.636364 725 0.516936
0.636364 724 0.517633
0.636364 723 0.517867
0.636364 722 0.518249
0.636364 721 0.519276
0.636364 720 0.51929
0.636364 719 0.520148
0.636364 718 0.520762
0.636364 717 0.521553
0.636364 716 0.522388
0.636364 715 0.52396
0.636364 714 0.524215
0.636364 713 0.524422
0.636364 712 0.525063
0.636364 711 0.525333
0.634429 711 0.525855
0.634429 710 0.526056
0.634429 709 0.526372
0.634429 708 0.526554
0.634429 707 0.526761
0.634429 706 0.527804
0.634429 705 0.527812
0.634429 704 0.528563
0.634429 703 0.529535
0.634429 702 0.53024
0.634429 701 0.531109
0.634429 700 0.531162
0.634429 699 0.531498
0.634429 698 0.533842
0.634429 697 0.534013
0.634429 696 0.535931
0.634429 695 0.536694
0.634429 694 0.536975
0.632495 694 0.537193
0.632495 693 0.538
0.632495 692 0.538361
0.632495 691 0.541002
0.632495 690 0.541355
0.632495 689 0.541503
0.632495 688 0.542227
0.632495 687 0.543741
0.632495 686 0.544137
0.632495 685 0.544417
0.632495 684 0.545164
0.632495 683 0.545687
0.632495 682 0.545979
0.632495 681 0.547158
0.632495 680 0.547493
0.632495 679 0.548095
0.632495 678 0.548555
0.632495 677 0.54964
0.632495 676 0.55001
0.632495 675 0.551679
0.632495 674 0.552409
0.632495 673 0.552692
0.632495 672 0.55346
0.632495 671 0.553797
0.632495 670 0.554634
0.632495 669 0.554748
0.632495 668 0.555209
0.632495 667 0.555431
0.632495 666 0.556093
0.632495 665 0.559745
0.630561 665 0.563486
0.630561 664 0.563671
0.630561 663 0.564262
0.630561 662 0.566418
0.630561 661 0.566519
0.630561 660 0.566632
0.630561 659 0.567183
0.630561 658 0.567241
0.630561 657 0.567971
0.630561 656 0.568053
0.630561 655 0.569066
0.630561 654 0.570579
0.630561 653 0.572634
0.630561 652 0.573907
0.630561 651 0.574554
0.630561 650 0.574556
0.630561 649 0.574985
0.630561 648 0.576892
0.630561 647 0.578084
0.628627 647 0.57814
0.628627 646 0.579618
0.628627 645 0.582288
0.628627 644 0.582918
0.628627 643 0.583308
0.628627 642 0.584484
0.628627 641 0.584644
0.628627 640 0.58985
0.628627 639 0.590317
0.628627 638 0.591764
0.628627 637 0.592033
0.628627 636 0.592868
0.628627 635 0.59388
0.628627 634 0.594404
0.628627 633 0.594719
0.628627 632 0.596421
0.628627 631 0.600527
0.626692 631 0.601018
0.626692 630 0.601887
0.626692 629 0.602665
0.626692 628 0.60325
0.626692 627 0.603886
0.626692 626 0.604576
0.626692 625 0.60553
0.626692 624 0.605991
0.626692 623 0.607129
0.626692 622 0.608709
0.626692 621 0.609372
0.626692 620 0.610808
0.626692 619 0.611343
0.626692 618 0.612794
0.626692 617 0.615643
0.626692 616 0.615693
0.626692 615 0.615879
0.626692 614 0.616092
0.626692 613 0.616547
0.624758 613 0.617396
0.624758 612 0.617561
0.624758 611 0.618307
0.624758 610 0.618955
0.622824 610 0.619319
0.622824 609 0.619914
0.622824 608 0.62082
0.622824 607 0.621049
0.622824 606 0.621476
0.622824 605 0.621607
0.622824 604 0.621916
0.622824 603 0.622493
0.622824 602 0.62295
0.622824 601 0.623338
0.622824 600 0.62334
0.622824 599 0.623892
0.622824 598 0.624431
0.622824 597 0.625279
0.62089 597 0.625438
0.62089 596 0.625557
0.62089 595 0.626501
0.62089 594 0.626589
0.62089 593 0.627406
0.62089 592 0.628437
0.62089 591 0.630297
0.62089 590 0.631179
0.62089 589 0.631634
0.618956 589 0.631904
0.618956 588 0.633725
0.618956 587 0.634357
0.618956 586 0.635908
0.618956 585 0.640383
0.618956 584 0.640414
0.618956 583 0.641035
0.618956 582 0.642862
0.618956 581 0.643097
0.618956 580 0.643389
0.618956 579 0.644295
0.618956 578 0.645999
0.618956 577 0.646861
0.618956 576 0.648065
0.618956 575 0.648846
0.618956 574 0.6496
0.618956 573 0.650518
0.618956 572 0.650826
0.618956 571 0.651617
0.618956 570 0.651645
0.618956 569 0.651962
0.618956 568 0.652428
0.618956 567 0.652635
0.618956 566 0.653601
0.618956 565 0.654976
0.618956 564 0.655222
0.618956 563 0.655402
0.618956 562 0.656479
0.618956 561 0.656866
0.618956 560 0.657082
0.618956 559 0.65732
0.618956 558 0.657799
0.618956 557 0.657837
0.618956 556 0.658275
0.618956 555 0.65892
0.618956 554 0.659129
0.618956 553 0.659479
0.618956 552 0.659531
0.618956 551 0.660537
0.618956 550 0.661811
0.618956 549 0.662976
0.618956 548 0.664904
0.618956 547 0.66505
0.618956 546 0.667046
0.618956 545 0.667172
0.618956 544 0.668769
0.617021 544 0.669207
0.617021 543 0.669357
0.617021 542 0.670193
0.617021 541 0.670592
0.617021 540 0.671897
0.617021 539 0.671979
0.617021 538 0.672568
0.617021 537 0.672664
0.617021 536 0.673013
0.617021 535 0.673314
0.617021 534 0.67458
0.617021 533 0.675358
0.617021 532 0.675384
0.617021 531 0.675591
0.615087 531 0.675949
0.615087 530 0.675987
0.615087 529 0.677788
0.615087 528 0.678339
0.615087 527 0.678461
0.615087 526 0.678751
0.615087 525 0.678893
0.615087 524 0.679029
0.615087 523 0.680275
0.615087 522 0.680324
0.615087 521 0.681395
0.615087 520 0.681998
0.615087 519 0.682034
0.615087 518 0.682532
0.613153 518 0.682788
0.613153 517 0.682877
0.611219 517 0.683268
0.611219 516 0.683776
0.611219 515 0.684552
0.611219 514 0.688067
0.611219 513 0.688143
0.611219 512 0.688526
0.611219 511 0.690549
0.611219 510 0.691012
0.611219 509 0.691181
0.611219 508 0.691931
0.611219 507 0.693405
0.611219 506 0.695547
0.611219 505 0.695962
0.611219 504 0.697101
0.611219 503 0.697296
0.611219 502 0.697563
0.611219 501 0.698614
0.611219 500 0.699111
0.611219 499 0.700328
0.611219 498 0.700396
0.611219 497 0.700764
0.611219 496 0.701504
0.611219 495 0.701757
0.611219 494 0.701768
0.611219 493 0.70619
0.611219 492 0.707843
0.611219 491 0.711703
0.611219 490 0.711848
0.611219 489 0.711867
0.611219 488 0.712984
0.611219 487 0.712988
0.611219 486 0.713777
0.611219 485 0.713845
0.611219 484 0.718347
0.611219 483 0.719304
0.611219 482 0.71985
0.611219 481 0.720255
0.611219 480 0.721574
0.611219 479 0.721763
0.611219 478 0.722496
0.609284 478 0.722757
0.609284 477 0.724091
0.60735 477 0.724716
0.60735 476 0.725156
0.60735 475 0.725607
0.60735 474 0.726268
0.60735 473 0.727848
0.60735 472 0.72955
0.60735 471 0.732174
0.60735 470 0.732616
0.60735 469 0.733756
0.60735 468 0.733789
0.60735 467 0.735001
0.60735 466 0.73737
0.60735 465 0.737683
0.60735 464 0.74153
0.60735 463 0.742724
0.60735 462 0.743163
0.60735 461 0.743643
0.60735 460 0.743808
0.60735 459 0.744769
0.60735 458 0.745141
0.60735 457 0.745297
0.60735 456 0.745437
0.60735 455 0.746081
0.60735 454 0.746122
0.60735 453 0.74763
0.60735 452 0.748614
0.60735 451 0.750388
0.60735 450 0.750892
0.60735 449 0.752011
0.60735 448 0.75507
0.60735 447 0.755614
0.60735 446 0.755861
0.60735 445 0.756199
0.60735 444 0.757888
0.60735 443 0.758131
0.60735 442 0.761256
0.60735 441 0.762566
0.60735 440 0.762843
0.60735 439 0.763256
0.60735 438 0.763343
0.60735 437 0.763383
0.605416 437 0.763509
0.605416 436 0.763972
0.605416 435 0.765762
0.605416 434 0.766144
0.605416 433 0.768506
0.603482 433 0.768615
0.603482 432 0.769892
0.603482 431 0.770081
0.601547 431 0.770144
0.601547 430 0.770691
0.601547 429 0.771856
0.601547 428 0.772636
0.601547 427 0.773202
0.601547 426 0.775793
0.601547 425 0.778085
0.601547 424 0.779568
0.601547 423 0.779728
0.601547 422 0.78086
0.601547 421 0.780942
0.601547 420 0.781356
0.601547 419 0.786727
0.601547 418 0.787232
0.601547 417 0.787649
0.601547 416 0.787849
0.601547 415 0.788275
0.601547 414 0.789381
0.601547 413 0.790614
0.601547 412 0.790635
0.601547 411 0.790989
0.601547 410 0.792171
0.601547 409 0.792176
0.601547 408 0.792564
0.601547 407 0.792913
0.601547 406 0.793169
0.601547 405 0.793421
0.601547 404 0.793835
0.601547 403 0.793877
0.601547 402 0.797266
0.601547 401 0.79732
0.601547 400 0.798018
0.601547 399 0.799966
0.601547 398 0.801201
0.599613 398 0.803318
0.599613 397 0.805417
0.597679 397 0.805758
0.597679 396 0.807527
0.597679 395 0.808617
0.597679 394 0.808733
0.597679 393 0.808864
0.597679 392 0.809302
0.597679 391 0.810148
0.597679 390 0.81192
0.597679 389 0.812589
0.597679 388 0.815632
0.597679 387 0.815807
0.597679 386 0.816329
0.597679 385 0.817602
0.597679 384 0.818762
0.597679 383 0.819443
0.597679 382 0.819984
0.597679 381 0.821168
0.597679 380 0.822346
0.597679 379 0.824934
0.597679 378 0.826157
0.597679 377 0.82765
0.597679 376 0.828193
0.597679 375 0.828229
0.595745 375 0.829161
0.595745 374 0.829617
0.59381 374 0.829809
0.59381 373 0.830224
0.59381 372 0.83455
0.59381 371 0.835952
0.59381 370 0.836777
0.59381 369 0.836859
0.59381 368 0.839521
0.59381 367 0.839639
0.591876 367 0.839919
0.589942 367 0.840461
0.589942 366 0.84304
0.589942 365 0.844957
0.589942 364 0.845907
0.589942 363 0.846422
0.589942 362 0.847813
0.589942 361 0.84822
0.589942 360 0.849085
0.589942 359 0.850692
0.589942 358 0.851805
0.589942 357 0.852284
0.589942 356 0.854104
0.589942 355 0.85615
0.589942 354 0.856212
0.589942 353 0.857077
0.589942 352 0.860059
0.589942 351 0.860619
0.589942 350 0.860646
0.589942 349 0.862153
0.589942 348 0.863418
0.589942 347 0.863803
0.589942 346 0.864557
0.588008 346 0.865165
0.588008 345 0.866461
0.588008 344 0.868007
0.588008 343 0.868727
0.588008 342 0.868735
0.588008 341 0.868772
0.588008 340 0.871496
0.588008 339 0.872357
0.588008 338 0.87323
0.588008 337 0.873401
0.588008 336 0.873944
0.588008 335 0.875404
0.588008 334 0.878764
0.588008 333 0.878775
0.588008 332 0.880352
0.588008 331 0.880407
0.588008 330 0.880484
0.588008 329 0.881559
0.588008 328 0.88158
0.588008 327 0.881583
0.588008 326 0.881704
0.586074 326 0.881932
0.586074 325 0.882203
0.586074 324 0.883973
0.586074 323 0.885165
0.586074 322 0.885792
0.586074 321 0.886508
0.586074 320 0.888677
0.586074 319 0.888812
0.586074 318 0.889654
0.586074 317 0.891754
0.586074 316 0.892754
0.586074 315 0.892784
0.586074 314 0.893014
0.586074 313 0.893485
0.586074 312 0.893645
0.586074 311 0.893671
0.584139 311 0.894198
0.584139 310 0.894628
0.584139 309 0.894981
0.584139 308 0.896763
0.584139 307 0.897009
0.584139 306 0.898024
0.584139 305 0.899028
0.582205 305 0.899465
0.582205 304 0.899825
0.582205 303 0.900368
0.582205 302 0.900997
0.582205 300 0.901079
0.582205 299 0.901823
0.582205 298 0.903021
0.582205 297 0.903271
0.582205 296 0.903467
0.582205 295 0.90387
0.582205 294 0.904555
0.582205 293 0.905169
0.582205 292 0.905613
0.582205 291 0.905725
0.582205 290 0.907054
0.582205 289 0.907933
0.582205 288 0.908385
0.582205 287 0.909125
0.582205 286 0.909906
0.580271 286 0.910147
0.580271 285 0.911955
0.580271 284 0.9127
0.578337 284 0.91415
0.578337 283 0.914515
0.576402 283 0.915155
0.574468 283 0.915181
0.572534 283 0.915233
0.572534 282 0.915682
0.572534 281 0.91579
0.572534 280 0.915962
0.572534 279 0.917134
0.572534 278 0.917598
0.572534 277 0.917726
0.572534 276 0.918166
0.572534 275 0.919177
0.572534 274 0.919602
0.572534 273 0.920973
0.572534 272 0.921032
0.5706 272 0.921218
0.5706 271 0.921778
0.5706 270 0.924614
0.5706 269 0.926757
0.5706 268 0.927428
0.5706 267 0.928067
0.5706 266 0.928505
0.5706 265 0.92909
0.5706 264 0.929747
0.5706 263 0.929938
0.5706 262 0.930461
0.5706 261 0.93065
0.5706 260 0.931055
0.5706 259 0.931586
0.5706 258 0.931888
0.5706 257 0.932013
0.5706 256 0.932127
0.5706 255 0.932256
0.5706 254 0.932549
0.5706 253 0.932893
0.5706 252 0.932995
0.5706 251 0.933255
0.5706 250 0.933565
0.5706 249 0.93358
0.5706 248 0.933933
0.5706 247 0.934005
0.5706 246 0.934099
0.568665 246 0.934277
0.568665 245 0.934752
0.568665 244 0.934949
0.568665 243 0.935151
0.568665 242 0.935506
0.568665 241 0.935823
0.568665 240 0.935837
0.568665 239 0.936459
0.568665 238 0.938534
0.568665 237 0.938538
0.568665 236 0.939281
0.568665 235 0.939826
0.566731 235 0.940437
0.566731 234 0.941841
0.566731 233 0.943069
0.566731 232 0.944368
0.566731 231 0.945237
0.566731 230 0.945768
0.566731 229 0.945855
0.566731 228 0.946254
0.566731 227 0.946552
0.566731 226 0.946616
0.564797 226 0.946976
0.564797 225 0.947132
0.564797 224 0.948304
0.564797 223 0.949283
0.564797 222 0.949576
0.562863 222 0.949899
0.562863 221 0.950678
0.562863 220 0.950701
0.562863 219 0.951015
0.562863 218 0.951645
0.562863 217 0.952089
0.562863 216 0.953517
0.562863 215 0.953564
0.562863 214 0.953834
0.562863 213 0.953856
0.562863 212 0.954519
0.562863 211 0.955343
0.562863 210 0.955414
0.562863 209 0.955438
0.562863 208 0.955499
0.560928 208 0.956119
0.560928 207 0.956321
0.560928 206 0.95663
0.560928 205 0.957266
0.560928 204 0.959217
0.560928 203 0.959979
0.560928 202 0.960028
0.560928 201 0.960059
0.560928 200 0.960798
0.560928 199 0.961807
0.560928 198 0.962
0.560928 197 0.962976
0.560928 196 0.963901
0.560928 195 0.964301
0.558994 195 0.9647
0.558994 194 0.964862
0.558994 193 0.965711
0.558994 192 0.965879
0.558994 191 0.966865
0.558994 190 0.967018
0.55706 190 0.967595
0.55706 189 0.967617
0.55706 188 0.967815
0.55706 187 0.96787
0.555126 187 0.968197
0.555126 186 0.968276
0.555126 185 0.968344
0.555126 184 0.968795
0.555126 183 0.969679
0.555126 182 0.969763
0.555126 181 0.970188
0.555126 180 0.970424
0.553191 180 0.970478
0.553191 179 0.970734
0.553191 178 0.971034
0.551257 178 0.971063
0.551257 177 0.971104
0.551257 176 0.971305
0.551257 175 0.972205
0.551257 174 0.972663
0.551257 173 0.972875
0.551257 172 0.973958
0.551257 171 0.974323
0.549323 171 0.974982
0.549323 170 0.974988
0.549323 169 0.975288
0.547389 169 0.975448
0.547389 168 0.975464
0.547389 167 0.975586
0.547389 166 0.976087
0.547389 165 0.976832
0.547389 164 0.976887
0.547389 163 0.977068
0.547389 162 0.97713
0.547389 161 0.977899
0.545455 161 0.978111
0.545455 160 0.979172
0.545455 159 0.979371
0.54352 159 0.980395
0.54352 158 0.981002
0.54352 157 0.981079
0.54352 156 0.9812
0.54352 155 0.981621
0.54352 154 0.982094
0.54352 153 0.982218
0.541586 153 0.982311
0.541586 152 0.982433
0.541586 151 0.982673
0.541586 150 0.98286
0.541586 149 0.983221
0.541586 148 0.983305
0.541586 147 0.983322
0.541586 146 0.984512
0.541586 145 0.984949
0.539652 145 0.985173
0.539652 144 0.985254
0.539652 143 0.985293
0.539652 142 0.985343
0.539652 141 0.985527
0.539652 140 0.9857
0.539652 139 0.985733
0.539652 138 0.985761
0.539652 137 0.985894
0.537718 137 0.985909
0.537718 136 0.986199
0.537718 135 0.986286
0.537718 134 0.986312
0.535783 134 0.986433
0.535783 133 0.986518
0.535783 132 0.986756
0.533849 132 0.987018
0.533849 131 0.987083
0.533849 130 0.987284
0.531915 130 0.987576
0.531915 129 0.987785
0.531915 128 0.987889
0.531915 127 0.988056
0.531915 126 0.988121
0.531915 125 0.988225
0.529981 125 0.988549
0.529981 124 0.988847
0.528046 124 0.989153
0.528046 123 0.989221
0.526112 123 0.99018
0.526112 122 0.990311
0.524178 122 0.991405
0.524178 121 0.991408
0.522244 121 0.991496
0.522244 120 0.991537
0.520309 120 0.992285
0.518375 120 0.992815
0.518375 119 0.992876
0.518375 118 0.992899
0.516441 118 0.993011
0.514507 118 0.993183
0.512573 118 0.993319
0.512573 117 0.993323
0.512573 116 0.99347
0.512573 115 0.993838
0.510638 115 0.993885
0.508704 115 0.994046
0.50677 115 0.994218
0.504836 115 0.994266
0.504836 114 0.994291
0.504836 113 0.994442
0.504836 112 0.994583
0.502901 112 0.994633
0.502901 111 0.994668
0.502901 110 0.99467
0.502901 109 0.994709
0.502901 108 0.994826
0.500967 108 0.994949
0.500967 107 0.995236
0.500967 106 0.995303
0.499033 106 0.995482
0.497099 106 0.99553
0.497099 105 0.995564
0.495164 105 0.995616
0.49323 105 0.995669
0.49323 104 0.995863
0.491296 104 0.995907
0.489362 104 0.995992
0.487427 104 0.996039
0.487427 103 0.996132
0.487427 102 0.996229
0.487427 101 0.996318
0.485493 101 0.996397
0.485493 100 0.996465
0.483559 100 0.996521
0.483559 99 0.996688
0.481625 99 0.996953
0.481625 98 0.997018
0.481625 97 0.997242
0.481625 96 0.997298
0.481625 95 0.997347
0.481625 94 0.99744
0.481625 93 0.997445
0.479691 93 0.997471
0.479691 92 0.997474
0.477756 92 0.997533
0.475822 92 0.997567
0.473888 92 0.997576
0.473888 91 0.997621
0.473888 90 0.997654
0.471954 90 0.997691
0.471954 89 0.997694
0.471954 88 0.99795
0.470019 88 0.997987
0.470019 87 0.997988
0.470019 86 0.998084
0.470019 85 0.998098
0.470019 84 0.998116
0.468085 84 0.998154
0.466151 84 0.998171
0.464217 84 0.998208
0.462282 84 0.998213
0.460348 84 0.998243
0.460348 83 0.998325
0.460348 82 0.998417
0.460348 81 0.998451
0.460348 80 0.998456
0.458414 80 0.998512
0.458414 79 0.998519
0.45648 79 0.998597
0.454545 79 0.998623
0.454545 78 0.998638
0.452611 78 0.998711
0.452611 77 0.998738
0.450677 77 0.998763
0.450677 76 0.998818
0.450677 75 0.998862
0.448743 75 0.998891
0.446809 74 0.998898
0.446809 73 0.998915
0.446809 72 0.998948
0.444874 72 0.998962
0.44294 72 0.998987
0.441006 72 0.999038
0.441006 71 0.999075
0.439072 71 0.999102
0.435203 71 0.999145
0.433269 71 0.99919
0.433269 70 0.999206
0.433269 69 0.999218
0.433269 68 0.999238
0.431335 68 0.999293
0.431335 67 0.999294
0.431335 66 0.999316
0.4294 66 0.999317
0.427466 66 0.999327
0.425532 66 0.999332
0.425532 65 0.999349
0.423598 65 0.999359
0.423598 64 0.999364
0.421663 64 0.999373
0.419729 64 0.999387
0.419729 63 0.99942
0.419729 62 0.999442
0.417795 62 0.999461
0.415861 62 0.999473
0.415861 61 0.999474
0.415861 60 0.999483
0.413926 60 0.999491
0.413926 59 0.999511
0.411992 59 0.999516
0.411992 58 0.999523
0.411992 57 0.999525
0.408124 57 0.999531
0.408124 56 0.999546
0.40619 55 0.999578
0.404255 55 0.999602
0.402321 55 0.999603
0.400387 55 0.999607
0.398453 55 0.999609
0.394584 55 0.999614
0.394584 54 0.999645
0.39265 54 0.999653
0.39265 53 0.999657
0.39265 52 0.999665
0.388781 52 0.999677
0.386847 52 0.999694
0.384913 52 0.999705
0.382979 52 0.999721
0.382979 51 0.999729
0.382979 50 0.999736
0.381044 50 0.999743
0.381044 49 0.999745
0.37911 49 0.99975
0.377176 49 0.999753
0.375242 49 0.999754
0.373308 48 0.999764
0.371373 48 0.999777
0.369439 48 0.999779
0.367505 48 0.999783
0.367505 47 0.999788
0.367505 46 0.999802
0.367505 45 0.999805
0.365571 45 0.99982
0.363636 45 0.999823
0.361702 45 0.999824
0.361702 44 0.999826
0.359768 43 0.999828
0.357834 43 0.999832
0.357834 42 0.999842
0.357834 41 0.999843
0.355899 41 0.999845
0.353965 41 0.999848
0.352031 41 0.99985
0.350097 40 0.999853
0.346228 40 0.999855
0.346228 39 0.999858
0.344294 39 0.999878
0.344294 38 0.999879
0.34236 38 0.99988
0.340426 37 0.999883
0.340426 36 0.999887
0.338491 36 0.999894
0.336557 36 0.999898
0.336557 35 0.999901
0.334623 35 0.999903
0.334623 34 0.999904
0.332689 34 0.999906
0.332689 33 0.999908
0.332689 32 0.999913
0.332689 30 0.999919
0.330754 30 0.999925
0.32882 30 0.999927
0.32882 28 0.999928
0.326886 28 0.999933
0.324952 28 0.999934
0.323017 28 0.999943
0.319149 28 0.999946
0.317215 27 0.999947
0.313346 27 0.99995
0.311412 27 0.999952
0.309478 26 0.999953
0.307544 26 0.99996
0.305609 25 0.999961
0.303675 25 0.999964
0.303675 24 0.999966
0.301741 24 0.999968
0.297872 24 0.999969
0.295938 23 0.999971
0.294004 23 0.999972
0.29207 23 0.999973
0.290135 22 0.999974
0.290135 21 0.999976
0.288201 21 0.999977
0.286267 21 0.999978
0.284333 21 0.99998
0.282398 21 0.999981
0.272727 21 0.999982
0.268859 20 0.999983
0.266925 20 0.999984
0.26499 19 0.999985
0.263056 19 0.999986
0.261122 19 0.999988
0.259188 19 0.999989
0.257253 19 0.99999
0.255319 19 0.999991
0.253385 19 0.999992
0.247582 18 0.999993
0.247582 17 0.999994
0.245648 17 0.999995
0.235977 17 0.999996
0.22824 16 0.999997
0.2147 16 0.999998
0.197292 15 0.999999
0.176015 12 1
0 0 1.79769e+308
