0.750965 934 0.300764
0.750965 933 0.300988
0.750965 932 0.301278
0.750965 931 0.301743
0.750965 930 0.301773
0.750965 929 0.301926
0.750965 928 0.302713
0.750965 927 0.303049
0.750965 926 0.303533
0.750965 925 0.304133
0.750965 924 0.304136
0.750965 923 0.304439
0.750965 922 0.30449
0.750965 921 0.304868
0.750965 920 0.304874
0.750965 919 0.304938
0.750965 918 0.305422
0.750965 917 0.305519
0.750965 916 0.305552
0.750965 915 0.305721
0.750965 914 0.305774
0.750965 913 0.305975
0.750965 912 0.306369
0.750965 911 0.306554
0.750965 910 0.306594
0.750965 909 0.306794
0.750965 908 0.306803
0.749035 908 0.307202
0.749035 907 0.307299
0.749035 906 0.30741
0.749035 905 0.308484
0.749035 904 0.308593
0.749035 903 0.308704
0.749035 902 0.308934
0.749035 901 0.308951
0.749035 900 0.309108
0.749035 899 0.309466
0.749035 898 0.309702
0.749035 897 0.30974
0.749035 896 0.309809
0.749035 895 0.310154
0.749035 894 0.310296
0.749035 893 0.310348
0.749035 892 0.310598
0.749035 891 0.310729
0.749035 890 0.310757
0.749035 889 0.310792
0.749035 888 0.310908
0.749035 887 0.311041
0.749035 886 0.311069
0.749035 885 0.311097
0.749035 884 0.311391
0.749035 883 0.311844
0.749035 882 0.31232
0.749035 881 0.312376
0.749035 880 0.312593
0.749035 879 0.31365
0.749035 878 0.313729
0.749035 877 0.314282
0.749035 876 0.314627
0.749035 875 0.314655
0.749035 874 0.314714
0.749035 873 0.314763
0.749035 872 0.314991
0.749035 871 0.315013
0.749035 870 0.315035
0.749035 869 0.315255
0.749035 868 0.315573
0.749035 867 0.315815
0.749035 866 0.316099
0.749035 865 0.316414
0.749035 864 0.316927
0.749035 863 0.317003
0.749035 862 0.318442
0.749035 861 0.318448
0.749035 860 0.318478
0.749035 859 0.318882
0.749035 858 0.319536
0.749035 857 0.319661
0.749035 856 0.319912
0.749035 855 0.320206
0.749035 854 0.320211
0.749035 853 0.320869
0.749035 852 0.320883
0.749035 851 0.321633
0.749035 850 0.322063
0.749035 849 0.322643
0.749035 848 0.32286
0.749035 847 0.322863
0.749035 846 0.323389
0.749035 845 0.323875
0.749035 844 0.324819
0.749035 843 0.324823
0.749035 842 0.325189
0.749035 841 0.32566
0.749035 840 0.326045
0.749035 839 0.326259
0.749035 838 0.327658
0.749035 837 0.328052
0.749035 836 0.328157
0.749035 835 0.328802
0.749035 834 0.328961
0.749035 833 0.329363
0.749035 832 0.329421
0.749035 831 0.329532
0.749035 830 0.329718
0.749035 829 0.330122
0.749035 828 0.330195
0.749035 827 0.330844
0.749035 826 0.331086
0.749035 825 0.331575
0.749035 824 0.331959
0.749035 823 0.332034
0.749035 822 0.332484
0.749035 821 0.332599
0.749035 820 0.332866
0.749035 819 0.333065
0.749035 818 0.333292
0.749035 817 0.333791
0.749035 816 0.333884
0.749035 815 0.334009
0.749035 814 0.334376
0.749035 813 0.334557
0.749035 812 0.334563
0.749035 811 0.334697
0.749035 810 0.334925
0.749035 809 0.336081
0.749035 808 0.336479
0.749035 807 0.336814
0.749035 806 0.33697
0.749035 805 0.337211
0.749035 804 0.337831
0.749035 803 0.338305
0.749035 802 0.338533
0.749035 801 0.338534
0.749035 800 0.338598
0.749035 799 0.339123
0.749035 798 0.339202
0.749035 797 0.33983
0.749035 796 0.340006
0.749035 795 0.34003
0.749035 794 0.340682
0.749035 793 0.3411
0.749035 792 0.341997
0.749035 791 0.342014
0.749035 790 0.342144
0.749035 789 0.342265
0.749035 788 0.342517
0.749035 787 0.342731
0.749035 786 0.342934
0.749035 785 0.343159
0.749035 784 0.34407
0.749035 783 0.344482
0.749035 782 0.344675
0.749035 781 0.345579
0.749035 780 0.3459
0.749035 779 0.346162
0.749035 778 0.3465
0.749035 777 0.346528
0.749035 776 0.346593
0.749035 775 0.346754
0.749035 774 0.347341
0.749035 773 0.347358
0.749035 772 0.347366
0.749035 771 0.34749
0.749035 770 0.348134
0.749035 769 0.34955
0.749035 768 0.350574
0.749035 767 0.350654
0.749035 766 0.350711
0.749035 765 0.351
0.749035 764 0.351187
0.749035 763 0.351272
0.749035 762 0.351288
0.749035 761 0.351378
0.749035 760 0.351791
0.749035 759 0.351795
0.749035 758 0.351922
0.749035 757 0.352229
0.749035 756 0.352414
0.749035 755 0.352544
0.749035 754 0.352789
0.749035 753 0.352932
0.749035 752 0.353173
0.749035 751 0.35352
0.749035 750 0.35361
0.749035 749 0.353669
0.749035 748 0.353739
0.749035 747 0.354329
0.749035 746 0.354406
0.749035 745 0.35495
0.749035 744 0.355157
0.749035 743 0.355592
0.749035 742 0.355774
0.749035 741 0.35596
0.749035 740 0.3563
0.749035 739 0.356346
0.749035 738 0.35648
0.749035 737 0.356548
0.749035 736 0.357322
0.749035 735 0.357815
0.749035 734 0.357956
0.749035 733 0.358021
0.749035 732 0.358041
0.749035 731 0.358088
0.749035 730 0.358752
0.749035 729 0.358773
0.749035 728 0.35898
0.749035 727 0.35941
0.749035 726 0.360158
0.749035 725 0.36032
0.749035 724 0.36066
0.749035 723 0.362071
0.749035 722 0.362247
0.749035 721 0.362288
0.749035 720 0.363146
0.749035 719 0.363178
0.749035 718 0.363347
0.749035 717 0.363811
0.749035 716 0.364188
0.749035 715 0.364435
0.749035 714 0.364541
0.749035 713 0.365834
0.749035 712 0.366124
0.749035 711 0.366975
0.749035 710 0.367055
0.749035 709 0.367203
0.749035 708 0.367285
0.749035 707 0.36753
0.749035 706 0.369191
0.749035 705 0.369359
0.749035 704 0.370134
0.749035 703 0.37017
0.749035 702 0.37088
0.749035 701 0.371205
0.749035 700 0.371533
0.749035 699 0.372404
0.749035 698 0.373066
0.749035 697 0.37332
0.749035 696 0.373473
0.749035 695 0.373706
0.749035 694 0.373885
0.749035 693 0.37412
0.749035 692 0.374167
0.749035 691 0.374192
0.749035 690 0.376122
0.749035 689 0.376165
0.749035 688 0.37654
0.749035 687 0.37657
0.749035 686 0.376632
0.749035 685 0.377441
0.749035 684 0.377534
0.747104 684 0.37785
0.747104 683 0.377977
0.747104 682 0.378107
0.747104 681 0.378206
0.747104 680 0.378358
0.747104 679 0.379308
0.747104 678 0.379352
0.747104 677 0.379544
0.747104 676 0.379727
0.747104 675 0.380205
0.747104 674 0.383209
0.747104 673 0.383267
0.747104 672 0.383406
0.747104 671 0.383729
0.747104 670 0.383871
0.747104 669 0.383872
0.747104 668 0.384255
0.747104 667 0.384554
0.745174 667 0.384658
0.745174 666 0.385786
0.745174 665 0.385899
0.745174 664 0.386822
0.745174 663 0.387178
0.745174 662 0.387709
0.745174 661 0.388099
0.745174 660 0.388102
0.745174 659 0.388367
0.745174 658 0.388641
0.745174 657 0.388843
0.745174 656 0.389729
0.745174 655 0.390338
0.745174 654 0.391128
0.745174 653 0.391179
0.745174 652 0.391485
0.745174 651 0.392012
0.745174 650 0.392021
0.745174 649 0.392121
0.745174 648 0.392214
0.745174 647 0.392274
0.745174 646 0.393187
0.745174 645 0.393587
0.745174 644 0.394092
0.745174 643 0.394546
0.745174 642 0.394651
0.745174 641 0.395257
0.745174 640 0.395332
0.745174 639 0.396118
0.745174 638 0.396442
0.745174 637 0.396671
0.745174 636 0.397126
0.745174 635 0.39746
0.745174 634 0.398433
0.745174 633 0.398456
0.745174 632 0.399168
0.745174 631 0.399498
0.745174 630 0.399824
0.745174 629 0.400134
0.745174 628 0.400267
0.745174 627 0.400277
0.745174 626 0.400854
0.745174 625 0.403144
0.745174 624 0.40331
0.745174 623 0.403596
0.745174 622 0.404072
0.745174 621 0.405592
0.745174 620 0.405798
0.745174 619 0.406022
0.745174 618 0.406103
0.745174 617 0.406321
0.745174 616 0.406465
0.745174 615 0.406513
0.745174 614 0.406889
0.745174 613 0.406984
0.745174 612 0.407282
0.745174 611 0.407495
0.745174 610 0.407725
0.745174 609 0.407806
0.745174 608 0.407978
0.745174 607 0.408307
0.745174 606 0.408555
0.745174 605 0.409041
0.745174 604 0.409338
0.745174 603 0.409917
0.745174 602 0.410335
0.745174 601 0.410703
0.745174 600 0.410852
0.745174 599 0.411646
0.745174 598 0.412194
0.745174 597 0.412783
0.745174 596 0.412924
0.745174 595 0.413593
0.745174 594 0.413713
0.745174 593 0.413827
0.745174 592 0.413877
0.745174 591 0.414361
0.745174 590 0.414426
0.745174 589 0.415027
0.745174 588 0.415543
0.745174 587 0.415956
0.745174 586 0.416605
0.745174 585 0.416652
0.745174 584 0.416897
0.745174 583 0.41754
0.745174 582 0.417704
0.745174 581 0.418499
0.745174 580 0.41878
0.745174 579 0.418992
0.745174 578 0.41968
0.745174 577 0.420047
0.745174 576 0.420447
0.745174 575 0.420954
0.745174 574 0.422031
0.745174 573 0.42239
0.745174 572 0.42311
0.745174 571 0.423329
0.745174 570 0.424399
0.745174 569 0.425136
0.745174 568 0.425663
0.745174 567 0.426066
0.745174 566 0.427101
0.745174 565 0.427764
0.745174 564 0.428103
0.745174 563 0.428169
0.745174 562 0.428299
0.745174 561 0.428797
0.745174 560 0.43035
0.745174 559 0.430461
0.743243 559 0.430524
0.741313 559 0.430603
0.741313 558 0.431626
0.741313 557 0.431629
0.741313 556 0.431957
0.741313 555 0.432349
0.741313 554 0.434276
0.741313 553 0.435366
0.741313 552 0.435584
0.741313 551 0.436098
0.741313 550 0.436161
0.741313 549 0.436296
0.741313 548 0.437209
0.741313 547 0.437593
0.741313 546 0.437875
0.741313 545 0.437942
0.741313 544 0.438377
0.741313 543 0.440164
0.741313 542 0.440652
0.741313 541 0.44097
0.741313 540 0.441071
0.741313 539 0.441288
0.741313 538 0.441376
0.741313 537 0.441536
0.741313 536 0.441891
0.741313 535 0.442068
0.741313 534 0.44211
0.741313 533 0.442676
0.741313 532 0.442798
0.741313 531 0.443189
0.741313 530 0.443223
0.741313 529 0.443347
0.741313 528 0.444067
0.741313 527 0.444265
0.741313 526 0.444701
0.741313 525 0.44609
0.739382 525 0.446372
0.739382 524 0.446789
0.739382 523 0.446943
0.739382 522 0.447655
0.739382 521 0.448119
0.739382 520 0.448479
0.739382 519 0.448557
0.739382 518 0.450507
0.739382 517 0.450854
0.739382 516 0.451187
0.739382 515 0.452143
0.739382 514 0.452549
0.739382 513 0.452965
0.739382 512 0.453736
0.739382 511 0.453772
0.739382 510 0.454842
0.739382 509 0.454844
0.739382 508 0.45516
0.739382 507 0.455179
0.739382 506 0.455372
0.739382 505 0.455548
0.739382 504 0.455687
0.739382 503 0.455857
0.739382 502 0.456651
0.739382 501 0.457
0.739382 500 0.45771
0.739382 499 0.45827
0.739382 497 0.459165
0.739382 496 0.459718
0.739382 495 0.460705
0.739382 494 0.460811
0.739382 493 0.461668
0.737452 493 0.462157
0.737452 492 0.462653
0.737452 491 0.464482
0.737452 490 0.464728
0.737452 489 0.464791
0.737452 488 0.464887
0.737452 487 0.46558
0.737452 486 0.465695
0.737452 485 0.466197
0.737452 484 0.467656
0.737452 483 0.467751
0.737452 482 0.468315
0.737452 481 0.468608
0.737452 480 0.46949
0.737452 479 0.470126
0.737452 478 0.470485
0.737452 477 0.470601
0.737452 476 0.471059
0.737452 475 0.471191
0.737452 474 0.471243
0.737452 473 0.471682
0.737452 472 0.471968
0.737452 471 0.472459
0.737452 470 0.4731
0.737452 469 0.473188
0.737452 468 0.473667
0.737452 467 0.474318
0.737452 466 0.474925
0.737452 465 0.475316
0.737452 464 0.47574
0.737452 463 0.476041
0.737452 462 0.476121
0.735521 462 0.476166
0.735521 461 0.477304
0.735521 460 0.477761
0.735521 459 0.477864
0.735521 458 0.478364
0.735521 457 0.478563
0.735521 456 0.478927
0.735521 455 0.480433
0.735521 454 0.480546
0.735521 453 0.481145
0.735521 452 0.48126
0.735521 451 0.482771
0.735521 450 0.482876
0.735521 449 0.483072
0.735521 448 0.483431
0.735521 447 0.483659
0.735521 446 0.483854
0.735521 445 0.484214
0.735521 444 0.485538
0.735521 443 0.485872
0.735521 442 0.486256
0.735521 441 0.486395
0.735521 440 0.487844
0.733591 440 0.488369
0.733591 439 0.489472
0.733591 438 0.489517
0.733591 437 0.490089
0.733591 436 0.490133
0.733591 435 0.490419
0.73166 435 0.492211
0.73166 434 0.493
0.73166 433 0.493242
0.73166 432 0.493307
0.73166 431 0.49474
0.72973 431 0.494833
0.72973 430 0.495174
0.72973 429 0.496655
0.72973 428 0.497413
0.72973 427 0.497726
0.72973 426 0.498311
0.72973 425 0.500192
0.72973 424 0.502291
0.72973 423 0.502583
0.72973 422 0.50274
0.72973 421 0.502886
0.72973 420 0.503722
0.72973 419 0.504305
0.72973 418 0.504306
0.72973 417 0.504444
0.72973 416 0.506264
0.727799 416 0.506808
0.727799 415 0.508073
0.727799 414 0.508869
0.727799 413 0.508994
0.727799 412 0.509969
0.727799 411 0.511036
0.727799 410 0.511502
0.727799 409 0.511647
0.727799 408 0.511651
0.725869 408 0.51322
0.725869 407 0.513817
0.725869 406 0.514177
0.725869 405 0.515149
0.725869 404 0.516251
0.723938 404 0.51635
0.723938 403 0.516472
0.723938 402 0.516863
0.723938 401 0.517139
0.723938 400 0.51783
0.723938 399 0.519021
0.723938 398 0.51937
0.723938 397 0.519495
0.723938 396 0.519796
0.723938 395 0.52018
0.723938 394 0.521064
0.723938 393 0.521318
0.723938 392 0.521811
0.723938 391 0.522963
0.723938 390 0.523813
0.723938 389 0.524051
0.722008 389 0.524458
0.722008 388 0.525562
0.722008 387 0.526537
0.722008 386 0.526703
0.722008 385 0.526777
0.722008 384 0.526832
0.722008 383 0.527374
0.722008 382 0.527571
0.722008 381 0.528067
0.722008 380 0.528565
0.722008 379 0.529569
0.720077 379 0.530076
0.720077 378 0.530409
0.720077 377 0.530789
0.720077 376 0.530935
0.720077 375 0.531008
0.720077 374 0.531248
0.720077 373 0.531633
0.720077 372 0.532632
0.720077 371 0.533957
0.720077 370 0.535108
0.720077 369 0.535112
0.720077 368 0.536488
0.720077 367 0.536716
0.720077 366 0.537321
0.720077 365 0.537361
0.720077 364 0.537615
0.720077 363 0.538058
0.720077 362 0.538157
0.720077 361 0.539118
0.720077 360 0.539149
0.720077 359 0.540326
0.720077 358 0.540724
0.720077 357 0.541431
0.720077 356 0.541567
0.720077 355 0.541593
0.720077 354 0.54206
0.720077 353 0.54221
0.720077 352 0.544899
0.720077 351 0.54533
0.720077 350 0.545364
0.720077 349 0.54749
0.720077 348 0.548925
0.720077 347 0.550034
0.720077 346 0.550037
0.720077 345 0.550426
0.720077 344 0.551214
0.720077 343 0.551788
0.720077 342 0.55193
0.720077 341 0.553462
0.720077 340 0.554164
0.720077 339 0.554415
0.720077 338 0.554917
0.720077 337 0.555389
0.718147 337 0.556635
0.718147 336 0.557449
0.718147 335 0.558538
0.718147 334 0.55911
0.718147 333 0.560197
0.718147 332 0.560394
0.718147 331 0.560543
0.716216 331 0.562944
0.716216 330 0.563285
0.714286 330 0.563558
0.714286 329 0.564029
0.714286 328 0.564048
0.714286 327 0.564201
0.714286 326 0.564563
0.712355 326 0.565183
0.712355 325 0.566031
0.712355 324 0.566858
0.712355 323 0.566873
0.712355 322 0.56789
0.712355 321 0.569236
0.712355 320 0.569583
0.712355 319 0.56995
0.712355 318 0.570657
0.712355 317 0.571101
0.712355 316 0.571426
0.712355 315 0.572643
0.712355 314 0.573755
0.712355 313 0.573906
0.712355 312 0.574517
0.712355 311 0.574838
0.712355 310 0.574874
0.712355 309 0.576028
0.712355 308 0.576594
0.712355 307 0.577081
0.710425 307 0.577412
0.710425 306 0.577524
0.710425 305 0.578105
0.710425 304 0.578958
0.710425 303 0.580375
0.710425 302 0.581674
0.710425 301 0.581828
0.710425 300 0.581874
0.710425 299 0.581911
0.710425 298 0.582224
0.710425 297 0.582582
0.710425 296 0.583659
0.710425 295 0.583729
0.710425 294 0.584916
0.708494 294 0.585706
0.708494 293 0.585862
0.706564 293 0.585935
0.706564 292 0.587451
0.706564 291 0.58959
0.706564 290 0.591531
0.706564 289 0.591942
0.706564 288 0.592898
0.706564 287 0.59319
0.706564 286 0.594225
0.704633 286 0.594563
0.704633 285 0.595367
0.704633 284 0.59593
0.704633 283 0.596468
0.702703 283 0.596983
0.702703 282 0.597352
0.702703 281 0.597702
0.702703 280 0.598029
0.702703 279 0.598179
0.702703 278 0.599366
0.700772 278 0.600348
0.700772 277 0.600985
0.700772 276 0.601437
0.700772 275 0.602502
0.700772 274 0.603228
0.700772 273 0.604051
0.700772 272 0.606483
0.698842 272 0.608244
0.698842 271 0.609788
0.698842 270 0.610125
0.698842 269 0.611253
0.698842 268 0.612602
0.696911 268 0.613081
0.694981 268 0.613277
0.694981 267 0.615492
0.694981 266 0.616875
0.69305 266 0.617464
0.69305 265 0.617676
0.69305 264 0.619684
0.69305 263 0.620226
0.69112 263 0.62108
0.69112 262 0.62129
0.69112 261 0.621426
0.69112 260 0.621896
0.69112 259 0.62238
0.69112 258 0.62255
0.69112 257 0.624547
0.69112 256 0.625378
0.689189 256 0.626074
0.689189 255 0.626257
0.689189 254 0.626581
0.689189 253 0.627808
0.689189 252 0.62803
0.689189 251 0.628255
0.689189 250 0.628777
0.687259 250 0.628971
0.687259 249 0.629951
0.685328 249 0.630458
0.685328 248 0.630536
0.683398 248 0.630987
0.683398 247 0.631387
0.681467 247 0.631614
0.681467 246 0.631653
0.681467 245 0.633456
0.681467 244 0.633978
0.681467 243 0.634518
0.681467 242 0.635319
0.681467 241 0.636636
0.681467 240 0.636666
0.681467 239 0.636862
0.681467 238 0.637365
0.681467 237 0.63833
0.679537 237 0.638676
0.679537 236 0.6425
0.679537 235 0.643443
0.679537 234 0.645402
0.679537 233 0.646224
0.679537 232 0.646733
0.679537 231 0.64839
0.679537 230 0.648825
0.679537 229 0.649319
0.679537 228 0.649487
0.679537 227 0.651422
0.679537 226 0.651513
0.677606 226 0.651903
0.677606 225 0.652119
0.677606 224 0.652687
0.677606 223 0.653139
0.677606 222 0.653354
0.677606 221 0.653521
0.675676 221 0.653644
0.673745 221 0.65568
0.673745 220 0.656307
0.673745 219 0.656462
0.673745 218 0.657104
0.673745 217 0.657388
0.673745 216 0.658415
0.673745 215 0.658899
0.673745 214 0.659259
0.673745 213 0.659367
0.673745 212 0.660511
0.673745 211 0.661024
0.673745 210 0.661355
0.671815 210 0.661426
0.671815 209 0.66171
0.671815 208 0.662104
0.671815 207 0.663005
0.669884 207 0.663371
0.669884 206 0.664221
0.669884 205 0.664329
0.669884 204 0.664381
0.669884 203 0.664652
0.669884 202 0.665171
0.669884 201 0.666413
0.667954 201 0.666466
0.667954 200 0.666655
0.667954 199 0.667246
0.667954 198 0.667299
0.667954 197 0.669198
0.667954 196 0.669915
0.667954 195 0.67137
0.667954 194 0.671781
0.667954 193 0.672916
0.667954 192 0.673802
0.667954 191 0.674762
0.667954 190 0.676437
0.666023 190 0.676752
0.666023 189 0.678236
0.666023 188 0.681064
0.666023 187 0.681066
0.666023 186 0.682456
0.664093 186 0.68294
0.662162 186 0.682992
0.662162 185 0.683518
0.660232 185 0.685819
0.660232 184 0.685964
0.658301 184 0.686465
0.658301 183 0.686967
0.658301 182 0.687146
0.658301 181 0.68796
0.658301 180 0.688671
0.658301 179 0.692906
0.656371 179 0.693274
0.656371 178 0.693531
0.656371 177 0.693648
0.656371 176 0.694942
0.65444 176 0.695079
0.65444 175 0.695152
0.65444 174 0.696786
0.65251 174 0.697312
0.65251 173 0.697675
0.65251 172 0.698368
0.650579 172 0.698437
0.650579 171 0.698992
0.650579 170 0.699352
0.650579 169 0.699414
0.650579 168 0.700177
0.650579 167 0.700941
0.648649 167 0.702935
0.648649 166 0.70302
0.648649 165 0.703064
0.648649 164 0.704152
0.648649 162 0.707892
0.648649 161 0.709523
0.648649 160 0.710142
0.646718 160 0.710214
0.644788 160 0.710818
0.644788 159 0.711551
0.644788 158 0.71198
0.644788 157 0.713706
0.644788 156 0.714511
0.644788 155 0.714753
0.644788 154 0.71647
0.644788 153 0.717617
0.644788 152 0.717924
0.644788 151 0.718015
0.644788 150 0.719571
0.644788 149 0.721746
0.642857 149 0.725497
0.642857 148 0.726283
0.642857 147 0.727337
0.642857 146 0.728006
0.642857 145 0.729002
0.642857 144 0.729027
0.642857 143 0.729929
0.640927 143 0.730397
0.640927 142 0.730691
0.640927 141 0.730832
0.640927 140 0.730874
0.638996 140 0.73167
0.637066 140 0.732434
0.635135 140 0.73256
0.635135 139 0.733305
0.635135 138 0.733777
0.635135 137 0.735406
0.635135 136 0.73622
0.635135 135 0.737418
0.633205 135 0.737553
0.633205 134 0.737777
0.633205 133 0.73903
0.633205 132 0.739549
0.631274 132 0.740048
0.631274 131 0.740422
0.631274 130 0.741012
0.629344 130 0.741825
0.627413 130 0.743119
0.627413 129 0.743582
0.627413 128 0.744781
0.627413 127 0.745068
0.627413 126 0.747651
0.627413 125 0.74877
0.625483 125 0.750295
0.625483 124 0.750531
0.625483 123 0.751064
0.625483 122 0.752426
0.625483 121 0.753635
0.625483 120 0.755332
0.625483 119 0.755477
0.623552 119 0.755656
0.623552 118 0.757417
0.621622 118 0.759084
0.621622 117 0.761735
0.621622 116 0.763472
0.621622 115 0.763503
0.621622 114 0.763565
0.619691 114 0.764569
0.619691 113 0.765775
0.619691 112 0.767015
0.617761 112 0.767097
0.617761 111 0.76747
0.61583 111 0.767752
0.6139 111 0.768461
0.611969 111 0.769164
0.611969 110 0.771989
0.611969 109 0.773421
0.610039 109 0.773816
0.610039 108 0.775529
0.610039 107 0.776436
0.608108 107 0.779461
0.606178 107 0.780391
0.606178 106 0.781956
0.604247 106 0.782814
0.602317 106 0.784379
0.600386 106 0.784909
0.600386 105 0.786322
0.600386 104 0.78807
0.598456 104 0.788279
0.596525 104 0.78874
0.594595 104 0.789161
0.592664 104 0.79005
0.592664 103 0.790588
0.590734 103 0.790613
0.590734 102 0.790947
0.588803 102 0.791574
0.588803 101 0.791638
0.586873 101 0.79276
0.584942 101 0.79316
0.584942 100 0.79366
0.584942 99 0.793805
0.584942 98 0.794149
0.583012 98 0.794251
0.581081 98 0.794597
0.581081 97 0.795675
0.579151 97 0.796247
0.579151 96 0.796639
0.57722 96 0.797469
0.57722 95 0.797993
0.57722 94 0.798505
0.57722 93 0.799115
0.57722 92 0.800262
0.57529 92 0.800315
0.573359 92 0.801933
0.571429 92 0.802373
0.569498 92 0.802405
0.567568 92 0.803158
0.567568 91 0.803362
0.565637 91 0.804863
0.565637 90 0.805428
0.565637 89 0.807978
0.563707 89 0.809943
0.561776 89 0.810826
0.561776 88 0.813054
0.559846 88 0.813351
0.557915 88 0.814381
0.555985 88 0.814778
0.555985 87 0.81651
0.555985 86 0.817249
0.555985 85 0.817707
0.555985 84 0.81858
0.555985 83 0.818742
0.555985 82 0.818909
0.554054 82 0.819712
0.554054 81 0.821155
0.552124 81 0.821532
0.552124 80 0.821685
0.550193 80 0.821951
0.550193 79 0.822534
0.548263 79 0.823205
0.546332 79 0.824147
0.544402 79 0.824561
0.542471 79 0.828624
0.542471 78 0.829935
0.542471 77 0.830556
0.542471 76 0.831248
0.542471 75 0.833092
0.542471 74 0.833682
0.540541 74 0.835213
0.540541 73 0.836606
0.540541 72 0.836699
0.53861 72 0.8369
0.53861 71 0.837636
0.53668 71 0.838449
0.534749 71 0.838485
0.532819 71 0.840082
0.532819 70 0.840388
0.530888 70 0.843756
0.530888 69 0.843936
0.530888 68 0.845507
0.530888 67 0.846263
0.528958 67 0.847386
0.528958 66 0.847638
0.528958 65 0.849983
0.527027 65 0.850145
0.525097 65 0.851901
0.525097 64 0.852677
0.523166 64 0.85435
0.523166 63 0.854806
0.523166 62 0.855124
0.521236 62 0.855611
0.519305 62 0.855753
0.517375 62 0.856575
0.515444 62 0.856699
0.515444 61 0.857868
0.513514 61 0.858626
0.513514 60 0.858874
0.513514 59 0.860194
0.511583 59 0.86308
0.511583 58 0.863105
0.511583 57 0.864576
0.509653 57 0.868193
0.509653 56 0.868649
0.507722 56 0.870248
0.507722 55 0.870718
0.507722 54 0.871088
0.505792 54 0.873172
0.503861 54 0.874258
0.503861 53 0.876147
0.503861 52 0.876917
0.501931 52 0.878527
0.5 52 0.878605
0.498069 52 0.879672
0.496139 52 0.880143
0.494208 52 0.885727
0.492278 52 0.886641
0.490347 52 0.886697
0.488417 52 0.888232
0.488417 51 0.888757
0.486486 51 0.888937
0.484556 51 0.889782
0.484556 50 0.891659
0.482625 50 0.892269
0.480695 50 0.89335
0.478764 50 0.893484
0.476834 50 0.893861
0.474903 50 0.894356
0.474903 49 0.89519
0.474903 48 0.895656
0.474903 47 0.895935
0.474903 46 0.89667
0.474903 45 0.897843
0.474903 44 0.898862
0.472973 44 0.899914
0.471042 44 0.900144
0.469112 44 0.90063
0.469112 43 0.901529
0.469112 42 0.90333
0.467181 42 0.903583
0.465251 42 0.903693
0.465251 41 0.904467
0.46332 41 0.904512
0.46139 41 0.904549
0.46139 40 0.904739
0.459459 40 0.906983
0.459459 39 0.907423
0.459459 38 0.910596
0.457529 38 0.911991
0.457529 37 0.912126
0.455598 37 0.912615
0.453668 37 0.914109
0.451737 37 0.915681
0.449807 37 0.916002
0.447876 37 0.917235
0.445946 37 0.91782
0.445946 36 0.917911
0.445946 35 0.921886
0.444015 35 0.922762
0.444015 34 0.922989
0.442085 34 0.923228
0.440154 34 0.923982
0.438224 34 0.92521
0.438224 33 0.925921
0.438224 32 0.926193
0.438224 31 0.926584
0.436293 31 0.927181
0.434363 31 0.927392
0.434363 30 0.929992
0.432432 30 0.930596
0.430502 30 0.931715
0.428571 30 0.932193
0.426641 30 0.934182
0.42471 30 0.934379
0.42471 29 0.934719
0.42278 29 0.93485
0.420849 29 0.935798
0.418919 29 0.937444
0.416988 29 0.937621
0.415058 29 0.937886
0.415058 28 0.93847
0.413127 28 0.940072
0.411197 28 0.941829
0.409266 28 0.942875
0.407336 28 0.944277
0.405405 28 0.946971
0.403475 28 0.947006
0.401544 28 0.948444
0.399614 28 0.948662
0.397683 28 0.949223
0.395753 28 0.950668
0.395753 27 0.950895
0.393822 27 0.951411
0.391892 27 0.952299
0.389961 27 0.953181
0.388031 27 0.953708
0.388031 26 0.953971
0.3861 26 0.954453
0.38417 26 0.955502
0.382239 26 0.956681
0.380309 26 0.957227
0.380309 25 0.957751
0.378378 25 0.958389
0.376448 25 0.9585
0.374517 25 0.958596
0.374517 24 0.958763
0.372587 24 0.959375
0.370656 24 0.959704
0.368726 24 0.959913
0.366795 24 0.960077
0.364865 24 0.961305
0.362934 24 0.961579
0.362934 23 0.961909
0.362934 22 0.962677
0.361004 22 0.962753
0.359073 22 0.96351
0.357143 22 0.963523
0.355212 22 0.963524
0.353282 22 0.963656
0.351351 22 0.964011
0.349421 22 0.964273
0.34749 22 0.96438
0.34556 22 0.964492
0.34556 21 0.964744
0.343629 21 0.965621
0.341699 21 0.965709
0.339768 21 0.966317
0.339768 20 0.966326
0.337838 20 0.967035
0.335907 20 0.967296
0.333977 20 0.967809
0.333977 19 0.967865
0.332046 19 0.968032
0.330116 19 0.968159
0.330116 18 0.969569
0.328185 18 0.970049
0.326255 18 0.970386
0.324324 18 0.97052
0.324324 17 0.970738
0.322394 17 0.971496
0.320463 17 0.971872
0.318533 17 0.972512
0.316602 17 0.972545
0.316602 16 0.972858
0.314672 16 0.973735
0.314672 15 0.97408
0.312741 15 0.974229
0.312741 14 0.974676
0.310811 14 0.974799
0.30888 14 0.974809
0.30695 14 0.974844
0.305019 14 0.975069
0.305019 13 0.97529
0.303089 13 0.975686
0.301158 13 0.977331
0.299228 13 0.978878
0.299228 12 0.979039
0.297297 12 0.9798
0.295367 12 0.980223
0.293436 12 0.981422
0.291506 12 0.981552
0.289575 12 0.982019
0.287645 12 0.982327
0.285714 12 0.982356
0.283784 12 0.98241
0.281853 12 0.982716
0.281853 11 0.982898
0.279923 11 0.983475
0.277992 11 0.984342
0.276062 11 0.984427
0.274131 11 0.98455
0.272201 11 0.984622
0.27027 11 0.984752
0.26834 11 0.984802
0.266409 11 0.984864
0.264479 11 0.985206
0.264479 10 0.986495
0.264479 9 0.986918
0.262548 8 0.986993
0.262548 7 0.987154
0.262548 6 0.987179
0.262548 5 0.987203
0.260618 5 0.987234
0.258687 5 0.987385
0.256757 5 0.98748
0.254826 5 0.988324
0.252896 5 0.988614
0.250965 5 0.988851
0.249035 5 0.98898
0.247104 5 0.989614
0.245174 5 0.989946
0.245174 4 0.990022
0.243243 4 0.990235
0.241313 4 0.990595
0.239382 4 0.990952
0.237452 4 0.991079
0.235521 4 0.991423
0.233591 4 0.991559
0.23166 4 0.991778
0.22973 4 0.991813
0.227799 4 0.992512
0.225869 4 0.99258
0.223938 4 0.992583
0.222008 4 0.992887
0.220077 4 0.993
0.218147 4 0.993136
0.216216 4 0.99321
0.214286 4 0.993225
0.212355 4 0.993467
0.210425 4 0.993612
0.210425 3 0.993678
0.206564 3 0.993793
0.206564 2 0.993814
0.204633 2 0.993825
0.202703 2 0.993839
0.202703 1 0.993925
0.200772 1 0.994183
0.198842 1 0.994598
0.196911 1 0.994629
0.194981 1 0.994697
0.19305 1 0.995333
0.19112 1 0.995409
0.189189 1 0.995483
0.187259 1 0.995556
0.185328 1 0.995586
0.183398 1 0.995595
0.181467 1 0.995736
0.179537 1 0.996019
0.177606 1 0.996043
0.175676 1 0.996079
0.173745 1 0.996082
0.171815 1 0.996167
0.169884 1 0.996232
0.169884 0 0.996251
0.167954 0 0.996281
0.166023 0 0.996374
0.164093 0 0.996403
0.162162 0 0.996503
0.160232 0 0.996527
0.158301 0 0.996644
0.156371 0 0.996658
0.15444 0 0.996666
0.15251 0 0.997118
0.150579 0 0.997146
0.148649 0 0.997284
0.146718 0 0.997478
0.144788 0 0.997524
0.142857 0 0.997579
0.140927 0 0.997635
0.138996 0 0.997963
0.137066 0 0.998086
0.135135 0 0.9981
0.133205 0 0.998252
0.131274 0 0.998293
0.129344 0 0.998359
0.127413 0 0.99844
0.125483 0 0.998594
0.123552 0 0.998628
0.121622 0 0.998632
0.119691 0 0.998659
0.117761 0 0.998715
0.11583 0 0.998734
0.1139 0 0.998773
0.111969 0 0.998809
0.110039 0 0.998891
0.108108 0 0.99897
0.106178 0 0.999022
0.104247 0 0.999153
0.102317 0 0.999264
0.100386 0 0.999315
0.0984556 0 0.999343
0.0965251 0 0.999386
0.0945946 0 0.999389
0.0926641 0 0.999397
0.0907336 0 0.999406
0.0888031 0 0.999477
0.0849421 0 0.999486
0.0830116 0 0.999528
0.0810811 0 0.999532
0.0791506 0 0.999544
0.0772201 0 0.999559
0.0752896 0 0.999561
0.0733591 0 0.99957
0.0714286 0 0.999578
0.0694981 0 0.999592
0.0675676 0 0.999619
0.0656371 0 0.999644
0.0637066 0 0.999647
0.0617761 0 0.999648
0.0598456 0 0.999663
0.0579151 0 0.99971
0.0559846 0 0.999771
0.0540541 0 0.99979
0.0521236 0 0.999809
0.0501931 0 0.999811
0.0482625 0 0.999855
0.046332 0 0.999865
0.0444015 0 0.999893
0.042471 0 0.999902
0.0405405 0 0.999908
0.03861 0 0.999923
0.0366795 0 0.999926
0.034749 0 0.999928
0.0328185 0 0.999933
0.030888 0 0.999937
0.0289575 0 0.999956
0.027027 0 0.999969
0.0250965 0 0.999972
0.023166 0 0.99998
0.0212355 0 0.999982
0.019305 0 0.999988
0.0173745 0 0.999992
0.015444 0 0.999993
0.0135135 0 0.999994
0.00965251 0 0.999998
0.00772201 0 0.999999
0.003861 0 1
0 0 1.79769e+308
