(-10, 12)  -0.0009765625 ~ 0.000732421875
(-9, 11)  -0.001953125 ~ 0.00146484375
(-8, 10)  -0.00390625 ~ 0.0029296875
(-7, 9)  -0.0078125 ~ 0.005859375
(-6, 8)  -0.015625 ~ 0.01171875
(-5, 7)  -0.03125 ~ 0.0234375
(-4, 6)  -0.0625 ~ 0.046875
(-3, 5)  -0.125 ~ 0.09375
(-2, 4)  -0.25 ~ 0.1875
(-1, 3)  -0.5 ~ 0.375
(0, 2)  -1.0 ~ 0.75
(1, 1)  -2.0 ~ 1.5
(2, 0)  -4 ~ 3
(3, -1)  -8 ~ 6
(4, -2)  -16 ~ 12
(5, -3)  -32 ~ 24
(6, -4)  -64 ~ 48
(7, -5)  -128 ~ 96
(8, -6)  -256 ~ 192
(9, -7)  -512 ~ 384
(10, -8)  -1024 ~ 768
(11, -9)  -2048 ~ 1536
(12, -10)  -4096 ~ 3072
(13, -11)  -8192 ~ 6144
(14, -12)  -16384 ~ 12288
(15, -13)  -32768 ~ 24576
(16, -14)  -65536 ~ 49152
(17, -15)  -131072 ~ 98304
(18, -16)  -262144 ~ 196608
(19, -17)  -524288 ~ 393216
