=========face12c_full_conv_SRquantize_9========
('conv1', (16, 3, 3, 3))
Shape of conv1 weight params : (16, 3, 3, 3)
0.0078125
-0.0078125
-0.017578125
-0.029296875
0.033203125
-0.009765625
-0.009765625
-0.001953125
0.033203125
0.029296875
0.02734375
0.05078125
-0.03515625
-0.0859375
-0.1640625
0.03515625
0.029296875
0.076171875
0.052734375
0.123046875
0.150390625
-0.021484375
-0.1328125
-0.142578125
-0.033203125
0.015625
0.029296875
-0.064453125
0.103515625
-0.0390625
-0.04296875
0.072265625
-0.033203125
-0.03515625
0.048828125
-0.01953125
-0.0546875
0.115234375
-0.04296875
-0.01953125
0.037109375
-0.017578125
-0.0390625
-0.001953125
-0.029296875
-0.087890625
0.095703125
-0.107421875
-0.00390625
0.041015625
-0.013671875
0.01953125
0.083984375
0.037109375
0.029296875
0.060546875
-0.1953125
0.037109375
0.05078125
0.021484375
-0.0859375
0.009765625
-0.013671875
-0.021484375
-0.013671875
-0.169921875
-0.005859375
-0.001953125
-0.0390625
-0.099609375
-0.029296875
-0.037109375
0.009765625
0.017578125
0.087890625
0.005859375
0.0
0.021484375
0.029296875
0.01953125
0.015625
0.01953125
-0.021484375
0.056640625
0.001953125
0.0
0.0078125
0.009765625
-0.001953125
0.021484375
-0.033203125
-0.06640625
0.05078125
-0.0703125
-0.0625
-0.056640625
-0.0546875
-0.05078125
-0.03515625
0.07421875
-0.048828125
0.23828125
0.0234375
0.00390625
0.025390625
0.015625
0.015625
0.0234375
-0.015625
-0.033203125
0.01171875
0.056640625
0.0234375
0.033203125
-0.025390625
-0.00390625
-0.01171875
-0.01171875
0.001953125
-0.009765625
0.130859375
0.083984375
-0.00390625
-0.01953125
0.025390625
-0.033203125
-0.03125
-0.048828125
-0.0703125
0.201171875
0.06640625
-0.109375
-0.060546875
0.00390625
-0.140625
0.02734375
-0.0234375
-0.017578125
0.05078125
-0.056640625
-0.001953125
-0.001953125
-0.02734375
0.017578125
0.052734375
0.015625
-0.044921875
0.099609375
-0.0078125
-0.06640625
0.078125
0.0
-0.072265625
0.05078125
0.025390625
-0.091796875
0.080078125
0.05078125
-0.12109375
0.111328125
0.025390625
-0.138671875
-0.052734375
-0.125
-0.072265625
-0.0703125
-0.072265625
-0.08984375
-0.037109375
-0.1328125
-0.0625
0.072265625
0.099609375
0.080078125
0.103515625
0.15234375
0.107421875
0.05859375
0.08203125
0.064453125
-0.013671875
-0.0546875
-0.005859375
-0.00390625
0.009765625
0.01953125
-0.009765625
-0.060546875
-0.00390625
-0.01171875
0.146484375
0.05078125
0.015625
0.072265625
-0.0234375
-0.0859375
-0.03125
-0.080078125
-0.041015625
0.130859375
0.0234375
-0.0234375
0.041015625
-0.044921875
-0.076171875
-0.025390625
-0.078125
-0.095703125
0.001953125
-0.056640625
-0.03125
0.0
-0.0234375
0.029296875
0.041015625
0.044921875
-0.0078125
-0.0234375
-0.083984375
-0.0078125
0.025390625
0.140625
-0.01171875
0.009765625
-0.03515625
0.0234375
-0.02734375
-0.154296875
0.037109375
0.044921875
0.158203125
0.0078125
-0.04296875
-0.140625
-0.015625
0.01953125
-0.017578125
-0.013671875
-0.005859375
0.1015625
-0.01953125
0.0078125
0.02734375
-0.013671875
-0.005859375
-0.013671875
0.064453125
0.06640625
0.01953125
-0.0390625
-0.021484375
-0.021484375
-0.0234375
-0.013671875
0.01171875
0.080078125
0.0703125
0.037109375
-0.150390625
-0.140625
-0.060546875
0.021484375
0.0234375
0.0078125
0.10546875
0.09765625
0.041015625
-0.044921875
-0.0625
-0.033203125
0.041015625
0.025390625
0.029296875
0.021484375
0.015625
0.025390625
0.0
0.0078125
0.025390625
-0.009765625
-0.021484375
-0.04296875
-0.0078125
0.0
-0.033203125
0.048828125
-0.015625
-0.02734375
-0.03125
-0.013671875
0.0
-0.109375
-0.021484375
-0.00390625
0.341796875
-0.033203125
0.0
0.0
0.033203125
0.01953125
0.01953125
0.005859375
0.01953125
0.001953125
-0.009765625
0.015625
0.041015625
0.07421875
0.078125
0.015625
-0.01171875
0.009765625
-0.0078125
-0.01171875
0.01171875
0.072265625
0.044921875
0.080078125
-0.01953125
-0.150390625
-0.099609375
-0.005859375
-0.09765625
-0.02734375
0.015625
-0.001953125
-0.015625
-0.01953125
-0.03125
0.0390625
-0.03515625
0.01953125
0.01953125
-0.060546875
-0.03515625
0.041015625
-0.0546875
0.0
0.08203125
-0.02734375
0.0390625
0.037109375
-0.16015625
-0.130859375
-0.0234375
-0.03125
0.013671875
0.05078125
0.078125
0.10546875
0.087890625
-0.017578125
0.0078125
0.041015625
0.02734375
-0.03515625
-0.033203125
0.0078125
0.029296875
-0.041015625
0.033203125
-0.0390625
-0.04296875
0.072265625
0.00390625
-0.064453125
0.021484375
0.046875
-0.01953125
-0.017578125
-0.154296875
-0.173828125
0.056640625
0.037109375
-0.025390625
0.076171875
0.111328125
0.095703125
-0.017578125
-0.0390625
0.03125
0.0
-0.064453125
0.04296875
0.044921875
-0.025390625
-0.0234375
-0.02734375
0.005859375
0.048828125
-0.052734375
-0.013671875
0.080078125
-0.033203125
-0.01171875
0.044921875
-0.10546875
0.03515625
0.068359375
-0.126953125
0.0546875
0.08984375
-0.16796875
0.0078125
0.134765625
0.001953125
-0.013671875
-0.0078125
0.021484375
0.0390625
0.052734375
-0.017578125
0.001953125
-0.0234375
-0.03125
0.00390625
0.0078125
-0.01953125
0.09765625
0.1484375
-0.05078125
0.037109375
0.009765625
-0.0625
-0.076171875
-0.044921875
-0.078125
0.029296875
0.142578125
-0.09765625
-0.0078125
-0.0625
Shape of conv1 bias params: (16,)
-0.193359375
-0.130859375
0.171875
0.177734375
0.20703125
-0.19140625
0.205078125
0.1875
-0.10546875
-0.13671875
0.27734375
0.080078125
-0.080078125
-0.099609375
-0.177734375
0.15234375
('fc2-conv', (16, 16, 5, 5))
Shape of fc2-conv weight params : (16, 16, 5, 5)
0.0
0.0
0.0
0.0
0.0
0.0
0.0
0.0
0.0
0.0
0.0
0.0
0.0
0.0
0.0
0.0
0.0
0.0
0.0
0.0
0.0
0.0
0.0
0.0
0.0
0.0
0.0
0.0
0.0
0.0
0.0
0.0
0.0
0.0
0.0
0.0
0.0
0.0
0.0
0.0
0.0
0.0
0.0
0.0
0.0
0.0
0.0
0.0
0.0
0.0
0.0
0.0
0.0
0.0
0.0
0.0
0.0
0.0
0.0
0.0
0.0
0.0
0.0
0.0
0.0
0.0
0.0
0.0
0.0
0.0
0.0
0.0
0.0
0.0
0.0
0.0
0.0
0.0
0.0
0.0
0.0
0.0
0.0
0.0
0.0
0.0
0.0
0.0
0.0
0.0
0.0
0.0
0.0
0.0
0.0
0.0
0.0
0.0
0.0
0.0
0.0
0.0
0.0
0.0
0.0
0.0
0.0
0.0
0.0
0.0
0.0
0.0
0.0
0.0
0.0
0.0
0.0
0.0
0.0
0.0
0.0
0.0
0.0
0.0
0.0
0.0
0.0
0.0
0.0
0.0
0.0
0.0
0.0
0.0
0.0
0.0
0.0
0.0
0.0
0.0
0.0
0.0
0.0
0.0
0.0
0.0
0.0
0.0
0.0
0.0
0.0
0.0
0.0
0.0
0.0
0.0
0.0
0.0
0.0
0.0
0.0
0.0
0.0
0.0
0.0
0.0
0.0
0.0
0.0
0.0
0.0
0.0
0.0
0.0
0.0
0.0
0.0
0.0
0.0
0.0
0.0
0.0
0.0
0.0
0.0
0.0
0.0
0.0
0.0
0.0
0.0
0.0
0.0
0.0
0.0
0.0
0.0
0.0
0.0
0.0
0.0
0.0
0.0
0.0
0.0
0.0
0.0
0.0
0.0
0.0
0.0
0.0
0.0
0.0
0.0
0.0
0.0
0.0
0.0
0.0
0.0
0.0
0.0
0.0
0.0
0.0
0.0
0.0
0.0
0.0
0.0
0.0
0.0
0.0
0.0
0.0
0.0
0.0
0.0
0.0
0.0
0.0
0.0
0.0
0.0
0.0
0.0
0.0
0.0
0.0
0.0
0.0
0.0
0.0
0.0
0.0
0.0
0.0
0.0
0.0
0.0
0.0
0.0
0.0
0.0
0.0
0.0
0.0
0.0
0.0
0.0
0.0
0.0
0.0
0.0
0.0
0.0
0.0
0.0
0.0
0.0
0.0
0.0
0.0
0.0
0.0
0.0
0.0
0.0
0.0
0.0
0.0
0.0
0.0
0.0
0.0
0.0
0.0
0.0
0.0
0.0
0.0
0.0
0.0
0.0
0.0
0.0
0.0
0.0
0.0
0.0
0.0
0.0
0.0
0.0
0.0
0.0
0.0
0.0
0.0
0.0
0.0
0.0
0.0
0.0
0.0
0.0
0.0
0.0
0.0
0.0
0.0
0.0
0.0
0.0
0.0
0.0
0.0
0.0
0.0
0.0
0.0
0.0
0.0
0.0
0.0
0.0
0.0
0.0
0.0
0.0
0.0
0.0
0.0
0.0
0.0
0.0
0.0
0.0
0.0
0.0
0.0
0.0
0.0
0.0
0.0
0.0
0.0
0.0
0.0
0.0
0.0
0.0
0.0
0.0
0.0
0.0
0.0
0.0
0.0
0.0
0.0
0.0
0.0
0.0
0.0
0.0
0.0
0.0
0.0
0.0
0.0
0.0
0.0
0.0
0.0
0.0
0.0
0.0
0.0
0.0
0.0
0.0
0.0
0.0
0.0
0.0
0.0
0.0
0.0
0.0
0.0
0.0
0.0
0.0
0.0
0.0
0.0
0.0
0.0
0.0
0.0
0.0
0.0
0.0
0.0
0.0
0.0
0.0
0.0
0.0
0.0
0.0
0.0
0.0
0.0
0.0
0.0
0.0
0.0
0.0
0.0
0.0
0.0
0.0
0.0
0.0
0.0
0.0
0.0
0.0
0.0
0.0
0.0
0.0
0.0
0.0
0.0
0.0
0.0
0.0
0.0
0.0
0.0
0.0
0.0
0.0
0.0
0.0
0.0
0.0
0.0
0.0
0.0
0.0
0.0
0.0
0.0
0.0
0.0
0.0
0.0
0.0
0.0
0.0
0.0
0.0
0.0
0.0
0.0
0.0
0.0
0.0
0.0
0.0
0.0
0.0
0.0
0.0
0.0
0.0
0.0
0.0
0.0
0.0
0.0
0.0
0.0
0.0
0.0
0.0
0.0
0.0
0.0
0.0
0.0
0.0
0.0
0.0
0.0
0.0
0.0
0.0
0.0
0.0
0.0
0.0
0.0
0.0
0.0
0.0
0.0
0.0
0.0
0.0
0.0
0.0
0.0
0.0
0.0
0.0
0.0
0.0
0.0
0.0
0.0
0.0
0.0
0.0
0.0
0.0
0.0
0.0
0.0
0.0
0.0
0.0
0.0
0.0
0.0
0.0
0.0
0.0
0.0
0.0
0.0
0.0
0.0
0.0
0.0
0.0
0.0
0.0
0.0
0.0
0.0
0.0
0.0
0.0
0.0
0.0
0.0
0.0
0.0
0.0
0.0
0.0
0.0
0.0
0.0
0.0
0.0
0.0
0.0
0.0
0.0
0.0
0.0
0.0
0.0
0.0
0.0
0.0
0.0
0.0
0.0
0.0
0.0
0.0
0.0
0.0
0.0
0.0
0.0
0.0
0.0
0.0
0.0
0.0
0.0
0.0
0.0
0.0
0.0
0.0
0.0
0.0
0.0
0.0
0.0
0.0
0.0
0.0
0.0
0.0
0.0
0.0
0.0
0.0
0.0
0.0
0.0
0.0
0.0
0.0
0.0
0.0
0.0
0.0
0.0
0.0
0.0
0.0
0.0
0.0
0.0
0.0
0.0
0.0
0.0
0.0
0.0
0.0
0.0
0.0
0.0
0.0
0.0
0.0
0.0
0.0
0.0
0.0
0.0
0.0
0.0
0.0
0.0
0.0
0.0
0.0
0.0
0.0
0.0
0.0
0.0
0.0
0.0
0.0
0.0
0.0
0.0
0.0
0.0
0.0
0.0
0.0
0.0
0.0
0.0
0.0
0.0
0.0
0.0
0.0
0.0
0.0
0.0
0.0
0.0
0.0
0.0
0.0
0.0
0.0
0.0
0.0
0.0
0.0
0.0
0.0
0.0
0.0
0.0
0.0
0.0
0.0
0.0
0.0
0.0
0.0
0.0
0.0
0.0
0.0
0.0
0.0
0.0
0.0
0.0
0.0
0.0
0.0
0.0
0.0
0.0
0.0
0.0
0.0
0.0
0.0
0.0
0.0
0.0
0.0
0.0
0.0
0.0
0.0
0.0
0.0
0.0
0.0
0.0
0.0
0.0
0.0
0.0
0.0
0.0
0.0
0.0
0.0
0.0
0.0
0.0
0.0
0.0
0.0
0.0
0.0
0.0
0.0
0.0
0.0
0.0
0.0
0.0
0.0
0.0
0.0
0.0
0.0
0.0
0.0
0.0
0.0
0.0
0.0
0.0
-0.01318359375
-0.0029296875
0.005859375
-0.021484375
0.00927734375
-0.0087890625
-0.001953125
0.0048828125
-0.01416015625
0.0107421875
0.001953125
-0.017578125
-0.01611328125
-0.015625
0.02001953125
0.0068359375
-0.0341796875
-0.03369140625
-0.01416015625
0.0224609375
0.00927734375
-0.01806640625
-0.01904296875
-0.00927734375
0.025390625
-0.0068359375
-0.0087890625
-0.01318359375
-0.00732421875
-0.0068359375
-0.00830078125
-0.03271484375
-0.0419921875
-0.02783203125
-0.00146484375
-0.005859375
-0.02197265625
-0.0244140625
-0.0205078125
-0.00439453125
0.0078125
-0.00439453125
-0.009765625
-0.00146484375
0.0078125
0.01220703125
0.00830078125
0.005859375
0.0078125
0.00927734375
0.05224609375
0.048828125
0.04248046875
0.0361328125
0.0224609375
0.03173828125
0.02783203125
0.02099609375
0.021484375
0.0205078125
0.01708984375
0.00732421875
0.00537109375
0.013671875
0.015625
0.013671875
0.00341796875
0.00537109375
0.009765625
0.01025390625
0.009765625
0.0068359375
0.0048828125
0.001953125
0.005859375
0.03515625
0.0126953125
0.0087890625
0.0087890625
0.0283203125
0.01513671875
-0.00537109375
-0.0087890625
-0.0009765625
0.0146484375
0.01025390625
-0.01123046875
-0.0185546875
-0.0048828125
0.01904296875
0.0126953125
-0.00390625
-0.0146484375
-0.00439453125
0.02294921875
0.01513671875
0.00830078125
0.00390625
0.001953125
0.01953125
0.025390625
0.02490234375
0.02880859375
0.02001953125
0.0048828125
0.02734375
0.0263671875
0.02978515625
0.01953125
0.009765625
0.02294921875
0.01171875
0.0263671875
0.02294921875
0.00830078125
0.0234375
0.00244140625
0.01318359375
0.01318359375
0.00341796875
0.01904296875
0.02001953125
0.0205078125
0.00927734375
-0.00439453125
-0.0263671875
-0.03076171875
-0.0537109375
-0.06640625
-0.05908203125
-0.029296875
-0.0302734375
-0.0498046875
-0.052734375
-0.03369140625
-0.033203125
-0.03515625
-0.037109375
-0.03173828125
-0.0302734375
-0.033203125
-0.02734375
-0.01806640625
-0.01904296875
-0.03466796875
-0.033203125
-0.01708984375
-0.015625
-0.0361328125
-0.06591796875
0.03076171875
0.0400390625
0.04150390625
0.03125
0.02197265625
0.01708984375
0.033203125
0.037109375
0.02392578125
0.01171875
0.0146484375
0.033203125
0.0400390625
0.0224609375
0.00927734375
0.01025390625
0.02978515625
0.03515625
0.01953125
0.00927734375
0.01025390625
0.02685546875
0.03125
0.015625
0.00927734375
0.021484375
0.02197265625
0.0263671875
0.0234375
0.0205078125
0.01904296875
0.0166015625
0.0185546875
0.02001953125
0.01904296875
0.0234375
0.02099609375
0.02880859375
0.02197265625
0.017578125
0.017578125
0.01708984375
0.01953125
0.0166015625
0.0126953125
0.0146484375
0.01806640625
0.01513671875
0.0166015625
0.01416015625
-0.00830078125
0.00146484375
0.00341796875
-0.001953125
0.021484375
-0.005859375
0.00341796875
0.00537109375
0.00244140625
0.02685546875
-0.0068359375
-0.001953125
-0.00048828125
0.00048828125
0.03369140625
-0.0126953125
-0.02197265625
-0.01513671875
-0.0048828125
0.03466796875
-0.0048828125
-0.0244140625
-0.0146484375
0.0
0.03515625
-0.00048828125
-0.02880859375
-0.0185546875
-0.02099609375
-0.00341796875
0.00927734375
-0.0263671875
-0.0234375
-0.0166015625
0.001953125
0.025390625
-0.021484375
-0.0302734375
-0.0107421875
0.0126953125
0.017578125
-0.0283203125
-0.03271484375
-0.01171875
0.00634765625
0.01806640625
-0.0166015625
-0.02587890625
-0.009765625
0.01611328125
0.02783203125
0.0146484375
0.0263671875
0.01806640625
0.0263671875
0.03076171875
0.0224609375
0.0322265625
0.02490234375
0.03271484375
0.0322265625
0.02392578125
0.03759765625
0.0361328125
0.03271484375
0.0302734375
0.0146484375
0.02685546875
0.0283203125
0.02978515625
0.03515625
0.0205078125
0.0224609375
0.02587890625
0.03271484375
-0.001953125
-0.00439453125
-0.00146484375
-0.01708984375
0.0048828125
-0.00537109375
0.00927734375
0.01171875
-0.00390625
-0.001953125
0.0107421875
0.0126953125
0.01806640625
0.0087890625
0.0048828125
0.01708984375
0.01953125
0.02587890625
0.01708984375
0.0107421875
0.025390625
0.033203125
0.0390625
0.01953125
0.009765625
-0.02783203125
-0.01123046875
0.001953125
-0.0048828125
0.00341796875
-0.00341796875
-0.017578125
-0.005859375
-0.0146484375
-0.01953125
0.00048828125
-0.00537109375
0.0029296875
-0.00830078125
-0.01953125
0.0205078125
0.00244140625
0.00390625
-0.005859375
-0.009765625
0.04296875
0.0078125
-0.0126953125
-0.015625
-0.01220703125
-0.0029296875
-0.00341796875
0.00244140625
-0.01806640625
-0.017578125
-0.02197265625
-0.005859375
0.00048828125
-0.0166015625
0.0107421875
-0.0244140625
0.0009765625
0.00732421875
-0.00927734375
0.005859375
-0.01513671875
-0.00341796875
0.00537109375
0.00341796875
0.01708984375
-0.0146484375
-0.0185546875
-0.00146484375
0.01904296875
0.04345703125
-0.0703125
-0.06396484375
-0.03662109375
-0.0126953125
-0.0283203125
-0.04248046875
-0.0537109375
-0.03759765625
-0.0126953125
-0.02392578125
-0.0390625
-0.025390625
-0.0302734375
-0.017578125
-0.01953125
-0.0400390625
-0.0078125
-0.01318359375
-0.01416015625
-0.0166015625
-0.07275390625
-0.0205078125
-0.009765625
-0.01025390625
-0.01611328125
0.0048828125
0.03076171875
0.0302734375
0.01318359375
0.00537109375
0.01611328125
0.03271484375
0.03466796875
0.01513671875
0.01025390625
0.00927734375
0.03173828125
0.02197265625
0.00244140625
0.00341796875
0.005859375
0.01513671875
0.00927734375
-0.001953125
-0.00244140625
0.001953125
0.02099609375
0.01611328125
0.00732421875
-0.0029296875
-0.03466796875
-0.04736328125
-0.0439453125
-0.0458984375
0.00830078125
-0.04345703125
-0.03173828125
-0.03564453125
-0.046875
-0.01123046875
-0.0263671875
-0.03515625
-0.0361328125
-0.02880859375
0.00439453125
-0.01318359375
-0.03662109375
-0.03271484375
-0.0185546875
0.01171875
-0.00537109375
-0.02294921875
-0.01953125
-0.01513671875
0.01318359375
-0.00634765625
-0.0048828125
-0.00341796875
0.00341796875
-0.01513671875
-0.009765625
-0.03466796875
-0.03857421875
-0.02001953125
-0.00830078125
-0.0087890625
-0.03271484375
-0.03271484375
-0.02197265625
-0.00439453125
0.00341796875
-0.01171875
-0.0068359375
-0.001953125
0.0107421875
0.01123046875
0.00927734375
0.01123046875
0.01318359375
0.01416015625
0.03125
0.02294921875
0.0166015625
0.0166015625
0.00830078125
0.029296875
0.02734375
0.0205078125
0.0146484375
0.017578125
0.0283203125
0.017578125
0.01904296875
0.02197265625
0.01416015625
0.0205078125
0.015625
0.01611328125
0.01708984375
0.009765625
0.00927734375
0.00732421875
0.00537109375
0.00244140625
0.0029296875
0.0634765625
0.05224609375
0.044921875
0.0390625
0.05126953125
0.03125
0.0224609375
0.0146484375
0.0166015625
0.01806640625
0.01708984375
0.0068359375
-0.0029296875
0.01025390625
0.0126953125
0.00830078125
0.00244140625
-0.005859375
0.0009765625
0.01318359375
0.0068359375
0.01123046875
0.0068359375
0.0068359375
0.01318359375
0.03173828125
0.03857421875
0.04150390625
0.029296875
0.01318359375
0.02197265625
0.03369140625
0.0390625
0.017578125
0.00927734375
0.0205078125
0.017578125
0.02099609375
0.009765625
0.009765625
0.02294921875
0.0166015625
0.015625
0.0078125
0.01611328125
0.02099609375
0.013671875
0.01220703125
0.009765625
0.00439453125
0.01806640625
0.0029296875
0.0087890625
0.01025390625
-0.00341796875
0.0087890625
-0.00341796875
-0.0009765625
0.00830078125
0.0087890625
-0.00341796875
-0.01513671875
-0.00732421875
0.00048828125
-0.00390625
-0.00732421875
-0.00732421875
-0.00341796875
-0.01123046875
-0.015625
-0.00390625
-0.01025390625
-0.0166015625
-0.02001953125
-0.02685546875
0.0263671875
0.0302734375
0.03173828125
0.02294921875
0.01904296875
0.0166015625
0.02587890625
0.0302734375
0.01806640625
0.01123046875
0.0185546875
0.02587890625
0.03076171875
0.01953125
0.01171875
0.01513671875
0.0234375
0.025390625
0.01416015625
0.0107421875
0.0166015625
0.0234375
0.0244140625
0.0126953125
0.0126953125
0.01953125
0.0166015625
0.0244140625
0.01953125
0.013671875
0.0126953125
0.017578125
0.021484375
0.021484375
0.0126953125
0.02587890625
0.02587890625
0.02880859375
0.02294921875
0.01806640625
0.01708984375
0.01318359375
0.0146484375
0.01220703125
0.00830078125
0.0078125
0.0107421875
0.0126953125
0.01416015625
0.005859375
-0.01806640625
-0.01220703125
-0.00927734375
-0.00244140625
0.01806640625
-0.029296875
-0.01708984375
-0.0185546875
-0.01416015625
0.013671875
-0.02587890625
-0.0244140625
-0.02392578125
-0.01806640625
0.013671875
-0.01708984375
-0.021484375
-0.01708984375
-0.01416015625
0.021484375
-0.0078125
-0.01806640625
-0.0078125
-0.0068359375
0.02783203125
0.00341796875
-0.03759765625
-0.0224609375
-0.03466796875
-0.00390625
-0.00634765625
-0.02880859375
-0.025390625
-0.02685546875
-0.00634765625
0.01123046875
-0.0107421875
-0.00927734375
-0.0068359375
0.00634765625
0.00439453125
-0.0244140625
-0.02783203125
-0.01171875
0.0
-0.005859375
-0.02734375
-0.033203125
-0.0185546875
0.00048828125
0.0185546875
0.02099609375
0.03466796875
0.03125
0.0263671875
0.01220703125
0.01171875
0.0166015625
0.01806640625
0.01904296875
0.02001953125
0.01953125
0.029296875
0.03076171875
0.02197265625
0.01904296875
0.01318359375
0.025390625
0.02490234375
0.0185546875
0.02685546875
0.0126953125
0.0205078125
0.02099609375
0.02197265625
0.01611328125
0.00341796875
0.00537109375
-0.0029296875
0.01318359375
-0.00439453125
0.01123046875
0.00634765625
-0.0048828125
-0.00390625
0.0078125
0.015625
0.0146484375
0.00439453125
-0.005859375
0.00927734375
0.02392578125
0.02490234375
0.00830078125
-0.00537109375
0.013671875
0.02587890625
0.02880859375
0.01171875
0.00048828125
-0.0703125
-0.04345703125
-0.04345703125
-0.0439453125
-0.02734375
-0.041015625
-0.05615234375
-0.05322265625
-0.048828125
-0.037109375
-0.015625
-0.02587890625
-0.021484375
-0.0263671875
-0.02490234375
0.02197265625
0.0
0.001953125
-0.009765625
-0.01171875
0.048828125
0.0146484375
-0.0029296875
-0.00927734375
-0.01171875
-0.03857421875
-0.0458984375
-0.046875
-0.05419921875
-0.05615234375
-0.05517578125
-0.0478515625
-0.0537109375
-0.052734375
-0.02490234375
-0.0380859375
-0.01708984375
-0.0224609375
-0.025390625
-0.0126953125
-0.01806640625
-0.00048828125
-0.0009765625
0.00146484375
0.01953125
-0.017578125
-0.00927734375
0.00634765625
0.0244140625
0.0439453125
-0.01025390625
-0.00439453125
0.001953125
0.00927734375
0.0009765625
0.00927734375
0.0009765625
-0.00390625
0.009765625
0.0068359375
-0.001953125
0.00439453125
-0.00634765625
-0.00439453125
0.001953125
-0.01611328125
-0.00537109375
-0.001953125
-0.00244140625
0.0
-0.041015625
-0.02001953125
-0.0126953125
0.0
0.005859375
0.0146484375
0.03662109375
0.03466796875
0.01806640625
0.0068359375
0.01953125
0.03369140625
0.03662109375
0.02685546875
0.017578125
0.013671875
0.0205078125
0.0234375
0.0166015625
0.01513671875
0.0185546875
0.01513671875
0.015625
0.01318359375
0.00732421875
0.009765625
0.0166015625
0.01318359375
0.0078125
0.00439453125
-0.02197265625
-0.0224609375
-0.01025390625
-0.0341796875
0.0087890625
-0.01611328125
-0.0107421875
-0.005859375
-0.02099609375
0.0048828125
-0.01123046875
-0.02490234375
-0.0205078125
-0.0244140625
0.015625
-0.0107421875
-0.0390625
-0.03564453125
-0.0224609375
0.01708984375
-0.0009765625
-0.0224609375
-0.021484375
-0.0166015625
0.0185546875
-0.0126953125
-0.0107421875
-0.0146484375
-0.005859375
-0.013671875
-0.01611328125
-0.04541015625
-0.0498046875
-0.033203125
-0.01025390625
-0.01171875
-0.0302734375
-0.02734375
-0.02099609375
-0.005859375
0.00341796875
-0.01025390625
-0.01171875
-0.001953125
0.00634765625
0.0078125
0.005859375
0.0048828125
0.015625
0.009765625
0.041015625
0.03564453125
0.02880859375
0.02880859375
0.01708984375
0.03515625
0.029296875
0.02197265625
0.0224609375
0.017578125
0.01953125
0.00830078125
0.01123046875
0.015625
0.00634765625
0.009765625
0.0068359375
0.0107421875
0.00634765625
0.001953125
0.0
0.0048828125
0.0009765625
-0.0048828125
-0.00537109375
0.05859375
0.0322265625
0.02685546875
0.0234375
0.03662109375
0.0224609375
0.0107421875
-0.0009765625
0.01220703125
0.01416015625
0.0126953125
-0.00146484375
-0.00927734375
0.0107421875
0.01708984375
0.0126953125
0.0
-0.01416015625
0.00244140625
0.017578125
0.017578125
0.01220703125
0.0087890625
0.0078125
0.0185546875
0.02587890625
0.03125
0.03564453125
0.02490234375
0.00732421875
0.02978515625
0.0341796875
0.0380859375
0.02685546875
0.0087890625
0.02294921875
0.01708984375
0.02294921875
0.01806640625
0.00341796875
0.025390625
0.00830078125
0.0078125
0.009765625
0.0107421875
0.01953125
0.01806640625
0.01904296875
0.01318359375
-0.0029296875
-0.0048828125
-0.01953125
-0.02587890625
-0.015625
-0.021484375
-0.0078125
-0.01904296875
-0.02294921875
-0.00732421875
-0.0048828125
-0.01220703125
-0.02001953125
-0.017578125
-0.005859375
-0.01318359375
-0.01123046875
-0.0009765625
-0.005859375
-0.00537109375
-0.02099609375
-0.01220703125
-0.00927734375
-0.01953125
-0.0224609375
-0.04443359375
0.0234375
0.03173828125
0.03515625
0.0283203125
0.0185546875
0.01171875
0.02783203125
0.03125
0.02001953125
0.00537109375
0.01220703125
0.03125
0.03759765625
0.0205078125
0.00439453125
0.0068359375
0.02783203125
0.0302734375
0.013671875
0.001953125
0.00146484375
0.02197265625
0.02490234375
0.00830078125
0.00146484375
0.025390625
0.02734375
0.0400390625
0.0341796875
0.01806640625
0.01416015625
0.0244140625
0.03125
0.02490234375
0.01123046875
0.0126953125
0.01904296875
0.02978515625
0.015625
0.00634765625
0.00439453125
0.01220703125
0.01318359375
0.00927734375
-0.00048828125
0.00439453125
0.0078125
0.00732421875
0.01123046875
-0.0009765625
-0.02880859375
-0.0224609375
-0.02001953125
-0.015625
0.01611328125
-0.0283203125
-0.0234375
-0.0185546875
-0.02001953125
0.01708984375
-0.0244140625
-0.0244140625
-0.02099609375
-0.0205078125
0.021484375
-0.025390625
-0.03125
-0.02734375
-0.02294921875
0.025390625
-0.0146484375
-0.02685546875
-0.015625
-0.013671875
0.03076171875
-0.001953125
-0.03515625
-0.021484375
-0.02880859375
-0.001953125
-0.00048828125
-0.02978515625
-0.02783203125
-0.02490234375
-0.0009765625
0.01708984375
-0.01513671875
-0.01318359375
-0.00537109375
0.013671875
0.01318359375
-0.0224609375
-0.0263671875
-0.0068359375
0.0078125
0.005859375
-0.0234375
-0.03369140625
-0.017578125
0.01171875
0.01806640625
0.02197265625
0.03564453125
0.0263671875
0.02880859375
0.01513671875
0.0185546875
0.02587890625
0.0234375
0.02490234375
0.01904296875
0.01953125
0.0302734375
0.03076171875
0.0244140625
0.01611328125
0.0078125
0.0224609375
0.0224609375
0.01806640625
0.02001953125
0.0029296875
0.009765625
0.01171875
0.01708984375
-0.00146484375
-0.01318359375
-0.0107421875
-0.025390625
-0.00146484375
-0.0107421875
0.0166015625
0.0107421875
-0.00439453125
-0.01025390625
0.0087890625
0.01513671875
0.01611328125
0.0048828125
-0.009765625
0.0107421875
0.02587890625
0.02978515625
0.013671875
-0.0048828125
0.01953125
0.03466796875
0.04248046875
0.015625
-0.001953125
-0.02685546875
-0.01318359375
-0.001953125
-0.00244140625
0.0068359375
-0.0029296875
-0.02099609375
-0.01171875
-0.009765625
-0.01318359375
0.0029296875
-0.00732421875
0.0009765625
-0.00634765625
-0.0146484375
0.0244140625
0.00146484375
0.00927734375
-0.00244140625
-0.01220703125
0.05859375
0.01171875
-0.009765625
-0.01611328125
-0.0205078125
-0.00634765625
-0.0068359375
-0.00927734375
-0.02587890625
-0.02392578125
-0.02197265625
-0.00439453125
-0.0078125
-0.0234375
0.005859375
-0.02978515625
0.0009765625
-0.005859375
-0.01416015625
-0.00390625
-0.0166015625
0.00732421875
0.00439453125
-0.00048828125
0.0185546875
-0.0205078125
-0.015625
0.0
0.02197265625
0.0537109375
-0.02880859375
-0.0322265625
-0.02490234375
-0.00390625
-0.01904296875
-0.0126953125
-0.01806640625
-0.02587890625
-0.00244140625
-0.00537109375
-0.02197265625
-0.0029296875
-0.01806640625
-0.00927734375
-0.005859375
-0.021484375
0.0
-0.00244140625
-0.001953125
-0.0029296875
-0.0546875
-0.0224609375
-0.0126953125
-0.00048828125
0.0009765625
0.01123046875
0.0380859375
0.0361328125
0.0166015625
0.0
0.0205078125
0.03857421875
0.0390625
0.021484375
0.01318359375
0.00927734375
0.0234375
0.01904296875
0.0078125
0.00830078125
0.00439453125
0.005859375
0.00634765625
0.0048828125
-0.00390625
-0.0009765625
0.01513671875
0.013671875
0.0068359375
-0.00927734375
-0.01953125
-0.021484375
-0.0078125
-0.03369140625
0.0126953125
-0.02099609375
-0.0087890625
-0.0068359375
-0.02392578125
0.00390625
-0.01123046875
-0.0263671875
-0.0244140625
-0.02294921875
0.0146484375
-0.00830078125
-0.0400390625
-0.03759765625
-0.0234375
0.015625
-0.00048828125
-0.02294921875
-0.0234375
-0.01904296875
0.01953125
-0.01171875
-0.01220703125
-0.01708984375
-0.00439453125
-0.015625
-0.01513671875
-0.0439453125
-0.04833984375
-0.0341796875
-0.00927734375
-0.01123046875
-0.03076171875
-0.02783203125
-0.02294921875
-0.0068359375
0.001953125
-0.01611328125
-0.01513671875
-0.00439453125
0.0078125
0.0087890625
0.0068359375
0.0048828125
0.01220703125
0.01123046875
0.04248046875
0.037109375
0.0302734375
0.02880859375
0.01708984375
0.03271484375
0.029296875
0.02294921875
0.02294921875
0.01904296875
0.02001953125
0.01171875
0.01318359375
0.01806640625
0.00830078125
0.0078125
0.005859375
0.0107421875
0.00634765625
0.0029296875
-0.0009765625
0.0029296875
0.00048828125
-0.0048828125
-0.0048828125
0.05908203125
0.03173828125
0.02685546875
0.025390625
0.03759765625
0.0244140625
0.0087890625
0.00146484375
0.01025390625
0.0146484375
0.0126953125
-0.00146484375
-0.00830078125
0.009765625
0.0185546875
0.0087890625
-0.001953125
-0.0126953125
0.00341796875
0.0224609375
0.01416015625
0.0126953125
0.00830078125
0.00927734375
0.017578125
0.0283203125
0.03125
0.03564453125
0.02587890625
0.00732421875
0.0283203125
0.03466796875
0.03857421875
0.02734375
0.00830078125
0.0234375
0.017578125
0.02294921875
0.01904296875
0.005859375
0.02392578125
0.00830078125
0.0068359375
0.0068359375
0.0087890625
0.01953125
0.01904296875
0.0146484375
0.009765625
-0.00439453125
-0.00732421875
-0.01806640625
-0.0263671875
-0.01611328125
-0.0205078125
-0.0078125
-0.0185546875
-0.02099609375
-0.00732421875
-0.00732421875
-0.01220703125
-0.0185546875
-0.01611328125
-0.00927734375
-0.013671875
-0.00927734375
-0.0009765625
-0.0048828125
-0.00732421875
-0.02001953125
-0.0107421875
-0.0048828125
-0.01904296875
-0.02197265625
-0.04443359375
0.0263671875
0.033203125
0.03369140625
0.02734375
0.02001953125
0.0146484375
0.03076171875
0.033203125
0.021484375
0.00732421875
0.01220703125
0.0302734375
0.037109375
0.021484375
0.005859375
0.0068359375
0.02685546875
0.03125
0.01318359375
0.00244140625
0.00048828125
0.02392578125
0.02734375
0.0078125
0.00048828125
0.0244140625
0.0263671875
0.03857421875
0.03515625
0.017578125
0.01025390625
0.0263671875
0.03173828125
0.021484375
0.01025390625
0.01220703125
0.01904296875
0.0283203125
0.0166015625
0.009765625
0.00537109375
0.01025390625
0.0126953125
0.01025390625
0.0029296875
0.00439453125
0.009765625
0.01123046875
0.0146484375
0.0029296875
-0.0283203125
-0.02197265625
-0.01806640625
-0.0166015625
0.0146484375
-0.0283203125
-0.025390625
-0.01953125
-0.02099609375
0.01708984375
-0.02490234375
-0.0244140625
-0.02099609375
-0.02197265625
0.02197265625
-0.02490234375
-0.029296875
-0.0283203125
-0.02392578125
0.0244140625
-0.01611328125
-0.02783203125
-0.01806640625
-0.0146484375
0.0322265625
-0.005859375
-0.0361328125
-0.01904296875
-0.03125
-0.0029296875
-0.001953125
-0.03125
-0.02587890625
-0.0224609375
-0.00048828125
0.0205078125
-0.01806640625
-0.01513671875
-0.00537109375
0.01416015625
0.01416015625
-0.02392578125
-0.02392578125
-0.00732421875
0.0087890625
0.005859375
-0.02490234375
-0.0361328125
-0.017578125
0.0107421875
0.01904296875
0.02294921875
0.0361328125
0.02978515625
0.0283203125
0.015625
0.02001953125
0.029296875
0.0244140625
0.02685546875
0.01953125
0.01953125
0.03271484375
0.0322265625
0.025390625
0.0185546875
0.00830078125
0.021484375
0.0224609375
0.02001953125
0.01904296875
0.001953125
0.009765625
0.0146484375
0.015625
-0.0029296875
-0.01708984375
-0.00830078125
-0.02587890625
0.0
-0.01171875
0.013671875
0.0126953125
-0.00537109375
-0.0107421875
0.00927734375
0.0146484375
0.017578125
0.0078125
-0.00830078125
0.009765625
0.0283203125
0.03125
0.01318359375
-0.00390625
0.0185546875
0.03662109375
0.0419921875
0.015625
0.0
-0.02587890625
-0.01416015625
0.00048828125
-0.00146484375
0.0068359375
-0.00048828125
-0.021484375
-0.0126953125
-0.00634765625
-0.0126953125
0.00341796875
-0.00927734375
0.0
-0.00537109375
-0.0146484375
0.0283203125
0.0048828125
0.01123046875
-0.00244140625
-0.0107421875
0.0615234375
0.01318359375
-0.0107421875
-0.01513671875
-0.0185546875
-0.00341796875
-0.009765625
-0.0107421875
-0.025390625
-0.02685546875
-0.02294921875
-0.0048828125
-0.01318359375
-0.0244140625
0.00634765625
-0.02783203125
0.00244140625
-0.00439453125
-0.01220703125
0.0
-0.01806640625
0.0029296875
0.0029296875
-0.00048828125
0.01904296875
-0.02197265625
-0.013671875
-0.0009765625
0.0205078125
0.0556640625
-0.03076171875
-0.03466796875
-0.0283203125
-0.0048828125
-0.01953125
-0.0107421875
-0.01904296875
-0.02587890625
-0.00244140625
-0.00537109375
-0.0205078125
-0.005859375
-0.01806640625
-0.01171875
-0.00634765625
-0.021484375
0.00244140625
-0.001953125
-0.005859375
-0.0048828125
-0.056640625
-0.0224609375
-0.01123046875
0.00146484375
0.0009765625
0.01220703125
0.04052734375
0.03662109375
0.015625
0.00146484375
0.0205078125
0.0380859375
0.03955078125
0.02392578125
0.013671875
0.00927734375
0.0224609375
0.017578125
0.01025390625
0.0087890625
0.00537109375
0.0068359375
0.00830078125
0.00537109375
-0.0029296875
-0.0029296875
0.01611328125
0.0146484375
0.00830078125
-0.00927734375
-0.013671875
-0.00927734375
-0.00244140625
-0.02587890625
0.00927734375
-0.00830078125
-0.0029296875
0.001953125
-0.01513671875
0.0087890625
-0.00439453125
-0.0185546875
-0.0166015625
-0.017578125
0.0185546875
0.00390625
-0.03173828125
-0.02978515625
-0.01416015625
0.01904296875
0.0048828125
-0.0166015625
-0.02001953125
-0.0107421875
0.02392578125
-0.0078125
-0.0078125
-0.01708984375
-0.0029296875
-0.0078125
-0.005859375
-0.03662109375
-0.0439453125
-0.0244140625
-0.001953125
-0.005859375
-0.0263671875
-0.03125
-0.02197265625
-0.001953125
0.009765625
-0.0087890625
-0.01220703125
0.0
0.009765625
0.01123046875
0.00634765625
0.00537109375
0.01611328125
0.013671875
0.04736328125
0.03759765625
0.03466796875
0.0361328125
0.02001953125
0.0302734375
0.02294921875
0.0205078125
0.02490234375
0.0185546875
0.0185546875
0.0087890625
0.00927734375
0.015625
0.0126953125
0.0166015625
0.0078125
0.0107421875
0.0087890625
0.0078125
0.00927734375
0.0087890625
0.00439453125
0.001953125
0.001953125
0.03955078125
0.01123046875
0.01025390625
0.01123046875
0.033203125
0.0166015625
-0.005859375
-0.00732421875
0.00244140625
0.013671875
0.013671875
-0.01318359375
-0.0166015625
0.0009765625
0.015625
0.01611328125
-0.00341796875
-0.015625
-0.0048828125
0.0185546875
0.01123046875
0.0087890625
0.005859375
0.001953125
0.015625
0.02734375
0.0244140625
0.03271484375
0.0244140625
0.00439453125
0.025390625
0.02294921875
0.03271484375
0.01953125
0.0087890625
0.0224609375
0.01171875
0.0244140625
0.02197265625
0.00439453125
0.025390625
0.005859375
0.00927734375
0.0107421875
0.0048828125
0.021484375
0.01904296875
0.01953125
0.01171875
-0.00537109375
-0.025390625
-0.0361328125
-0.05615234375
-0.05615234375
-0.05029296875
-0.025390625
-0.03076171875
-0.046875
-0.03369140625
-0.02490234375
-0.025390625
-0.03271484375
-0.0322265625
-0.02001953125
-0.02490234375
-0.02392578125
-0.01611328125
-0.01171875
-0.015625
-0.03125
-0.02490234375
-0.0078125
-0.01416015625
-0.02978515625
-0.05859375
0.02978515625
0.0390625
0.0419921875
0.0302734375
0.02294921875
0.0166015625
0.033203125
0.037109375
0.0234375
0.0107421875
0.0126953125
0.03369140625
0.0390625
0.02197265625
0.0078125
0.0087890625
0.02783203125
0.03173828125
0.017578125
0.0068359375
0.0078125
0.0263671875
0.0302734375
0.015625
0.00732421875
0.025390625
0.021484375
0.02685546875
0.029296875
0.02001953125
0.021484375
0.0205078125
0.0224609375
0.02197265625
0.01953125
0.0224609375
0.02392578125
0.02685546875
0.01904296875
0.01611328125
0.01513671875
0.0166015625
0.017578125
0.013671875
0.00732421875
0.00927734375
0.01220703125
0.013671875
0.01806640625
0.01220703125
-0.01025390625
-0.00341796875
0.0
-0.00439453125
0.0185546875
-0.01025390625
0.00048828125
0.001953125
-0.00537109375
0.02734375
-0.009765625
-0.00732421875
-0.0068359375
-0.0078125
0.029296875
-0.01416015625
-0.0244140625
-0.01904296875
-0.0107421875
0.03271484375
-0.00732421875
-0.0224609375
-0.01416015625
-0.00390625
0.033203125
-0.00146484375
-0.03271484375
-0.01953125
-0.0234375
-0.00537109375
0.00439453125
-0.0263671875
-0.02197265625
-0.01904296875
0.0009765625
0.021484375
-0.01513671875
-0.02490234375
-0.00927734375
0.01123046875
0.0146484375
-0.02685546875
-0.03173828125
-0.01220703125
0.00732421875
0.013671875
-0.021484375
-0.0322265625
-0.0146484375
0.01513671875
0.02587890625
0.0166015625
0.03173828125
0.0224609375
0.0283203125
0.0263671875
0.0224609375
0.03076171875
0.02978515625
0.03271484375
0.02978515625
0.02197265625
0.03564453125
0.037109375
0.0302734375
0.02587890625
0.01220703125
0.0263671875
0.029296875
0.02392578125
0.029296875
0.0146484375
0.02001953125
0.02392578125
0.02734375
-0.00146484375
-0.009765625
-0.005859375
-0.017578125
0.00732421875
-0.00439453125
0.0107421875
0.01220703125
-0.00244140625
-0.0009765625
0.013671875
0.0166015625
0.01904296875
0.00732421875
0.0009765625
0.01513671875
0.0224609375
0.0283203125
0.01611328125
0.005859375
0.021484375
0.033203125
0.03662109375
0.01611328125
0.00634765625
-0.02587890625
-0.00927734375
0.0029296875
-0.00439453125
0.00146484375
-0.00048828125
-0.0146484375
-0.005859375
-0.01220703125
-0.01953125
0.00439453125
-0.0068359375
0.0029296875
-0.005859375
-0.01806640625
0.02197265625
0.00146484375
0.00341796875
-0.00244140625
-0.009765625
0.048828125
0.00830078125
-0.0107421875
-0.01416015625
-0.017578125
-0.00439453125
-0.00439453125
0.001953125
-0.017578125
-0.01904296875
-0.025390625
-0.00732421875
0.00048828125
-0.0146484375
0.0126953125
-0.029296875
-0.00439453125
0.0029296875
-0.009765625
0.00390625
-0.01904296875
-0.00341796875
0.0048828125
-0.0009765625
0.0185546875
-0.01953125
-0.01611328125
-0.0009765625
0.01708984375
0.04443359375
-0.06640625
-0.0693359375
-0.04541015625
-0.0107421875
-0.0283203125
-0.03466796875
-0.04931640625
-0.0390625
-0.00634765625
-0.01904296875
-0.03173828125
-0.02099609375
-0.02880859375
-0.01318359375
-0.01318359375
-0.03515625
-0.001953125
-0.0107421875
-0.0078125
-0.009765625
-0.0703125
-0.02001953125
-0.00341796875
-0.0029296875
-0.01123046875
0.0087890625
0.03515625
0.02880859375
0.009765625
0.0009765625
0.0166015625
0.03515625
0.0302734375
0.01171875
0.009765625
0.0107421875
0.02783203125
0.01708984375
0.00146484375
0.00439453125
0.00439453125
0.0126953125
0.0087890625
0.0009765625
-0.00341796875
0.0
0.01806640625
0.01708984375
0.00732421875
-0.0078125
-0.0205078125
-0.01953125
-0.009765625
-0.0322265625
0.01123046875
-0.01904296875
-0.009765625
-0.0087890625
-0.02294921875
0.00537109375
-0.01123046875
-0.02490234375
-0.0244140625
-0.021484375
0.0166015625
-0.009765625
-0.04296875
-0.0361328125
-0.021484375
0.01171875
0.0009765625
-0.025390625
-0.021484375
-0.01611328125
0.02099609375
-0.009765625
-0.0087890625
-0.01611328125
-0.00537109375
-0.015625
-0.01171875
-0.04736328125
-0.05029296875
-0.0341796875
-0.0078125
-0.009765625
-0.03125
-0.03173828125
-0.0234375
-0.00439453125
0.00390625
-0.0107421875
-0.0126953125
-0.00146484375
0.00537109375
0.00927734375
0.00537109375
0.00439453125
0.01171875
0.00830078125
0.044921875
0.037109375
0.03076171875
0.0283203125
0.01904296875
0.03564453125
0.0322265625
0.02294921875
0.0224609375
0.01611328125
0.0224609375
0.0126953125
0.01171875
0.01416015625
0.0078125
0.01025390625
0.0068359375
0.0126953125
0.00732421875
0.0029296875
0.00048828125
0.00390625
0.0009765625
-0.00390625
-0.00537109375
0.05517578125
0.0302734375
0.02490234375
0.0244140625
0.03369140625
0.0224609375
0.00927734375
0.0009765625
0.01123046875
0.01611328125
0.0146484375
-0.0009765625
-0.01025390625
0.0087890625
0.01806640625
0.0107421875
-0.00048828125
-0.01220703125
0.001953125
0.0185546875
0.01806640625
0.0107421875
0.01025390625
0.00732421875
0.01708984375
0.0283203125
0.0322265625
0.03857421875
0.02734375
0.0068359375
0.02587890625
0.03515625
0.0361328125
0.0234375
0.0078125
0.0244140625
0.01611328125
0.0205078125
0.0166015625
0.00341796875
0.02490234375
0.00732421875
0.0078125
0.00732421875
0.0087890625
0.02001953125
0.0185546875
0.01806640625
0.01513671875
-0.00341796875
-0.00439453125
-0.02001953125
-0.0263671875
-0.01953125
-0.0205078125
-0.0078125
-0.0205078125
-0.02197265625
-0.00927734375
-0.0048828125
-0.0107421875
-0.0185546875
-0.0146484375
-0.005859375
-0.01123046875
-0.01220703125
-0.00390625
-0.0029296875
-0.00732421875
-0.02001953125
-0.01025390625
-0.0078125
-0.0185546875
-0.0244140625
-0.04296875
0.0263671875
0.03173828125
0.03369140625
0.02783203125
0.01904296875
0.013671875
0.029296875
0.03271484375
0.0205078125
0.00634765625
0.01171875
0.0302734375
0.037109375
0.01904296875
0.005859375
0.005859375
0.02490234375
0.03076171875
0.0126953125
0.00537109375
0.00048828125
0.02294921875
0.02880859375
0.0087890625
0.00390625
0.025390625
0.0263671875
0.0400390625
0.03369140625
0.02001953125
0.01220703125
0.02197265625
0.03125
0.0234375
0.01171875
0.0126953125
0.021484375
0.02978515625
0.01513671875
0.01171875
0.0048828125
0.0126953125
0.013671875
0.0107421875
0.00146484375
0.00439453125
0.0087890625
0.00927734375
0.01416015625
0.00048828125
-0.02978515625
-0.0205078125
-0.01513671875
-0.015625
0.0146484375
-0.0283203125
-0.02001953125
-0.01806640625
-0.02099609375
0.015625
-0.02783203125
-0.025390625
-0.021484375
-0.02197265625
0.02197265625
-0.0263671875
-0.03125
-0.02490234375
-0.02490234375
0.02490234375
-0.01611328125
-0.029296875
-0.015625
-0.0126953125
0.03173828125
-0.001953125
-0.0361328125
-0.021484375
-0.02880859375
-0.0048828125
-0.00244140625
-0.03076171875
-0.02734375
-0.02099609375
-0.00146484375
0.0205078125
-0.013671875
-0.017578125
-0.00439453125
0.01123046875
0.013671875
-0.02294921875
-0.02392578125
-0.00830078125
0.005859375
0.00634765625
-0.02587890625
-0.03759765625
-0.01806640625
0.00634765625
0.0205078125
0.0234375
0.037109375
0.029296875
0.0302734375
0.01513671875
0.02001953125
0.02783203125
0.02197265625
0.0283203125
0.02197265625
0.02197265625
0.03076171875
0.03076171875
0.0263671875
0.0185546875
0.009765625
0.021484375
0.0244140625
0.02001953125
0.0234375
0.00390625
0.009765625
0.01220703125
0.01513671875
-0.001953125
-0.0146484375
-0.01025390625
-0.0244140625
-0.00244140625
-0.00927734375
0.01416015625
0.01025390625
-0.0029296875
-0.0078125
0.0087890625
0.015625
0.01806640625
0.00732421875
-0.00732421875
0.01171875
0.02685546875
0.0341796875
0.01416015625
-0.0029296875
0.01806640625
0.03564453125
0.0419921875
0.017578125
-0.00146484375
-0.0283203125
-0.0126953125
-0.001953125
-0.0029296875
0.0068359375
-0.00244140625
-0.0205078125
-0.0087890625
-0.009765625
-0.01416015625
0.0029296875
-0.009765625
0.00244140625
-0.00537109375
-0.01416015625
0.0263671875
0.00390625
0.013671875
-0.001953125
-0.01220703125
0.0576171875
0.01171875
-0.01220703125
-0.01708984375
-0.01708984375
-0.00732421875
-0.005859375
-0.0107421875
-0.0263671875
-0.02490234375
-0.0244140625
-0.00537109375
-0.013671875
-0.0244140625
0.00537109375
-0.0263671875
0.00048828125
-0.0068359375
-0.01611328125
0.001953125
-0.0185546875
0.005859375
0.005859375
-0.001953125
0.02001953125
-0.0224609375
-0.0185546875
0.00146484375
0.0224609375
0.0546875
-0.0322265625
-0.03759765625
-0.0263671875
-0.001953125
-0.01806640625
-0.009765625
-0.0185546875
-0.02685546875
-0.001953125
-0.0048828125
-0.01904296875
-0.0029296875
-0.01806640625
-0.00927734375
-0.005859375
-0.0205078125
0.0029296875
-0.001953125
-0.00048828125
-0.00341796875
-0.056640625
-0.0224609375
-0.01318359375
0.0009765625
0.0048828125
0.0126953125
0.0390625
0.03466796875
0.01318359375
0.00146484375
0.01953125
0.03759765625
0.03955078125
0.0224609375
0.01416015625
0.00732421875
0.02197265625
0.01806640625
0.01025390625
0.00732421875
0.00439453125
0.005859375
0.0068359375
0.00634765625
-0.00439453125
-0.00146484375
0.01611328125
0.013671875
0.0078125
-0.009765625
-0.01904296875
-0.02197265625
-0.0107421875
-0.03564453125
0.01171875
-0.01806640625
-0.01171875
-0.0087890625
-0.02392578125
0.0029296875
-0.01123046875
-0.0244140625
-0.0263671875
-0.0224609375
0.0146484375
-0.00732421875
-0.041015625
-0.037109375
-0.0224609375
0.01318359375
0.0009765625
-0.0234375
-0.0205078125
-0.01513671875
0.02001953125
-0.013671875
-0.01171875
-0.0166015625
-0.0009765625
-0.01611328125
-0.0146484375
-0.04638671875
-0.048828125
-0.03271484375
-0.0087890625
-0.0126953125
-0.03076171875
-0.029296875
-0.0234375
-0.0078125
0.00244140625
-0.0126953125
-0.0146484375
-0.0048828125
0.00439453125
0.00927734375
0.00830078125
0.0048828125
0.009765625
0.009765625
0.041015625
0.03369140625
0.02978515625
0.0283203125
0.015625
0.03564453125
0.03076171875
0.0244140625
0.02294921875
0.01416015625
0.021484375
0.01318359375
0.015625
0.0166015625
0.00732421875
0.00927734375
0.0068359375
0.013671875
0.00927734375
0.00244140625
0.0
0.00390625
0.0009765625
-0.00341796875
-0.00634765625
0.056640625
0.0283203125
0.02734375
0.02587890625
0.03515625
0.0244140625
0.0078125
0.00048828125
0.0107421875
0.0107421875
0.0126953125
-0.00048828125
-0.00927734375
0.0107421875
0.01611328125
0.01220703125
-0.0029296875
-0.01318359375
0.00244140625
0.01904296875
0.01806640625
0.01123046875
0.0087890625
0.009765625
0.017578125
0.02978515625
0.033203125
0.0361328125
0.02490234375
0.00927734375
0.02783203125
0.03515625
0.03662109375
0.025390625
0.0068359375
0.02294921875
0.017578125
0.0205078125
0.01611328125
0.00390625
0.021484375
0.009765625
0.0068359375
0.0068359375
0.00830078125
0.01806640625
0.0185546875
0.0185546875
0.01171875
-0.001953125
-0.00634765625
-0.01953125
-0.029296875
-0.01806640625
-0.02197265625
-0.00537109375
-0.01953125
-0.025390625
-0.00732421875
-0.00634765625
-0.0107421875
-0.02001953125
-0.0146484375
-0.0078125
-0.01025390625
-0.009765625
-0.0029296875
-0.0029296875
-0.00537109375
-0.0185546875
-0.0107421875
-0.0068359375
-0.02001953125
-0.02197265625
-0.04296875
0.025390625
0.033203125
0.03369140625
0.02734375
0.01806640625
0.01416015625
0.0302734375
0.03271484375
0.02001953125
0.00634765625
0.01220703125
0.0322265625
0.03857421875
0.02001953125
0.0048828125
0.005859375
0.0263671875
0.0322265625
0.01513671875
0.00341796875
0.00146484375
0.02294921875
0.02734375
0.00927734375
0.0009765625
0.02294921875
0.02880859375
0.03955078125
0.03564453125
0.01611328125
0.0126953125
0.02587890625
0.02978515625
0.02294921875
0.009765625
0.01318359375
0.02099609375
0.02734375
0.01611328125
0.01220703125
0.005859375
0.009765625
0.01318359375
0.0107421875
-0.00146484375
0.005859375
0.00634765625
0.00927734375
0.013671875
0.00146484375
-0.02783203125
-0.021484375
-0.015625
-0.013671875
0.01318359375
-0.02880859375
-0.0205078125
-0.0166015625
-0.01904296875
0.015625
-0.02783203125
-0.02294921875
-0.021484375
-0.02099609375
0.01953125
-0.02587890625
-0.03076171875
-0.02783203125
-0.02294921875
0.02587890625
-0.01318359375
-0.02587890625
-0.01513671875
-0.0126953125
0.03173828125
-0.00341796875
-0.03662109375
-0.021484375
-0.0302734375
-0.00439453125
-0.00390625
-0.02978515625
-0.02587890625
-0.021484375
-0.001953125
0.01904296875
-0.0166015625
-0.0146484375
-0.00537109375
0.01513671875
0.01171875
-0.02392578125
-0.0234375
-0.0087890625
0.00439453125
0.00830078125
-0.02734375
-0.0390625
-0.01904296875
0.0107421875
0.017578125
0.02294921875
0.03466796875
0.02880859375
0.03173828125
0.013671875
0.0205078125
0.0283203125
0.025390625
0.02783203125
0.02001953125
0.01953125
0.03125
0.03271484375
0.02587890625
0.01708984375
0.0087890625
0.0205078125
0.02294921875
0.0205078125
0.0205078125
0.00439453125
0.009765625
0.01171875
0.01611328125
-0.0009765625
-0.0146484375
-0.0087890625
-0.02490234375
-0.00146484375
-0.0087890625
0.0146484375
0.01318359375
-0.0048828125
-0.00927734375
0.00634765625
0.0166015625
0.017578125
0.0078125
-0.0087890625
0.00927734375
0.02734375
0.033203125
0.0146484375
-0.00390625
0.02099609375
0.03369140625
0.04150390625
0.0166015625
-0.001953125
-0.02783203125
-0.01220703125
-0.0009765625
-0.00390625
0.005859375
-0.00048828125
-0.0205078125
-0.01318359375
-0.00830078125
-0.01318359375
0.00341796875
-0.00830078125
0.00146484375
-0.00634765625
-0.013671875
0.0244140625
0.00439453125
0.0107421875
-0.00146484375
-0.01123046875
0.0556640625
0.01416015625
-0.0107421875
-0.017578125
-0.0185546875
-0.0087890625
-0.0068359375
-0.0068359375
-0.02392578125
-0.0244140625
-0.02392578125
-0.00439453125
-0.01220703125
-0.0224609375
0.0068359375
-0.02685546875
-0.00048828125
-0.0048828125
-0.01513671875
0.0009765625
-0.0166015625
0.00732421875
0.0048828125
-0.00244140625
0.02001953125
-0.0224609375
-0.01416015625
0.00048828125
0.02001953125
0.056640625
-0.0283203125
-0.03564453125
-0.0283203125
-0.00537109375
-0.0185546875
-0.01025390625
-0.017578125
-0.02685546875
-0.0009765625
-0.00537109375
-0.02001953125
-0.0029296875
-0.0166015625
-0.0087890625
-0.00390625
-0.02001953125
0.00048828125
-0.00146484375
-0.00048828125
-0.00537109375
-0.056640625
-0.02197265625
-0.013671875
0.00146484375
0.00244140625
0.01318359375
0.04052734375
0.03466796875
0.015625
0.00244140625
0.01904296875
0.0380859375
0.0380859375
0.0224609375
0.013671875
0.005859375
0.02294921875
0.01953125
0.0078125
0.0087890625
0.0048828125
0.00439453125
0.00927734375
0.0078125
-0.0029296875
-0.0009765625
0.0166015625
0.0166015625
0.0078125
-0.0107421875
-0.021484375
-0.02490234375
-0.017578125
-0.0322265625
0.013671875
-0.021484375
-0.01416015625
-0.01025390625
-0.02685546875
0.0048828125
-0.01806640625
-0.03369140625
-0.03271484375
-0.02880859375
0.01220703125
-0.0166015625
-0.05224609375
-0.04638671875
-0.02978515625
0.01171875
-0.009765625
-0.04931640625
-0.04833984375
-0.02392578125
0.01416015625
-0.0107421875
-0.01025390625
-0.013671875
-0.00390625
-0.01318359375
-0.01708984375
-0.0478515625
-0.05029296875
-0.03564453125
-0.01025390625
-0.01611328125
-0.0322265625
-0.02978515625
-0.02685546875
-0.01123046875
-0.00146484375
-0.01806640625
-0.0146484375
-0.0068359375
0.0029296875
0.01318359375
0.009765625
0.0107421875
0.01123046875
0.013671875
0.0458984375
0.03857421875
0.0341796875
0.03515625
0.02197265625
0.03662109375
0.0302734375
0.02392578125
0.021484375
0.02197265625
0.0205078125
0.01123046875
0.0126953125
0.01416015625
0.01220703125
0.0107421875
0.0087890625
0.01220703125
0.001953125
0.00341796875
0.00341796875
0.005859375
0.00244140625
-0.00439453125
-0.00390625
0.05810546875
0.0361328125
0.02734375
0.02392578125
0.03662109375
0.0263671875
0.00830078125
0.0029296875
0.0107421875
0.0107421875
0.01513671875
0.00048828125
-0.0029296875
0.01318359375
0.015625
0.01513671875
0.00634765625
-0.00048828125
0.0078125
0.0205078125
0.01708984375
0.01513671875
0.01123046875
0.009765625
0.01953125
0.03125
0.03125
0.03271484375
0.0234375
0.00732421875
0.02978515625
0.03564453125
0.03466796875
0.02099609375
0.00830078125
0.0283203125
0.0185546875
0.02734375
0.01806640625
0.00732421875
0.02392578125
0.013671875
0.01171875
0.005859375
0.00830078125
0.01611328125
0.0146484375
0.00927734375
0.005859375
-0.00341796875
-0.00830078125
-0.0224609375
-0.02587890625
-0.0126953125
-0.017578125
-0.01416015625
-0.0234375
-0.02783203125
-0.0068359375
-0.005859375
-0.0146484375
-0.0224609375
-0.01953125
-0.00927734375
-0.0107421875
-0.0087890625
-0.0009765625
0.00390625
-0.00390625
-0.01953125
0.0
-0.0029296875
-0.01220703125
-0.02001953125
-0.04345703125
0.0302734375
0.03173828125
0.03271484375
0.0283203125
0.0205078125
0.01904296875
0.02880859375
0.03173828125
0.01953125
0.01025390625
0.01513671875
0.0302734375
0.03564453125
0.021484375
0.009765625
0.009765625
0.0244140625
0.02880859375
0.01416015625
0.005859375
0.00439453125
0.0185546875
0.021484375
0.00830078125
0.00390625
0.02490234375
0.029296875
0.0390625
0.03271484375
0.021484375
0.01318359375
0.0234375
0.0283203125
0.0224609375
0.01318359375
0.01416015625
0.0224609375
0.02978515625
0.02099609375
0.01025390625
0.00537109375
0.01025390625
0.01416015625
0.01220703125
0.00146484375
0.00244140625
0.009765625
0.01513671875
0.01708984375
0.0
-0.02587890625
-0.02099609375
-0.01611328125
-0.0146484375
0.01416015625
-0.0283203125
-0.02197265625
-0.0185546875
-0.02001953125
0.01708984375
-0.0263671875
-0.02392578125
-0.0205078125
-0.02490234375
0.02099609375
-0.0263671875
-0.02880859375
-0.02490234375
-0.0234375
0.0263671875
-0.01416015625
-0.033203125
-0.02001953125
-0.00830078125
0.03125
0.0009765625
-0.0361328125
-0.02001953125
-0.02880859375
-0.001953125
-0.0029296875
-0.02783203125
-0.02392578125
-0.02392578125
-0.00341796875
0.02001953125
-0.01220703125
-0.0068359375
-0.0009765625
0.01513671875
0.00732421875
-0.0341796875
-0.0400390625
-0.02001953125
0.0068359375
-0.005859375
-0.0400390625
-0.05419921875
-0.0302734375
0.0
0.02099609375
0.0234375
0.03466796875
0.0283203125
0.0341796875
0.01708984375
0.021484375
0.029296875
0.0263671875
0.02490234375
0.02001953125
0.02392578125
0.0341796875
0.03515625
0.02587890625
0.01708984375
0.01611328125
0.02490234375
0.02392578125
0.01806640625
0.02099609375
0.005859375
0.00830078125
0.01123046875
0.015625
0.00146484375
-0.01171875
-0.0078125
-0.02099609375
0.00390625
-0.0048828125
0.0166015625
0.013671875
-0.0009765625
-0.001953125
0.01171875
0.0185546875
0.0244140625
0.01123046875
-0.00244140625
0.01513671875
0.029296875
0.03564453125
0.0146484375
-0.00244140625
0.01220703125
0.0234375
0.02685546875
0.00634765625
-0.00830078125
-0.0244140625
-0.01171875
0.001953125
-0.00048828125
0.01025390625
0.00048828125
-0.021484375
-0.01513671875
-0.009765625
-0.0126953125
0.0068359375
-0.00732421875
0.001953125
-0.00439453125
-0.01171875
0.025390625
0.0048828125
0.0087890625
-0.00390625
-0.009765625
0.06005859375
0.013671875
-0.013671875
-0.02099609375
-0.02001953125
-0.00634765625
-0.00634765625
-0.00927734375
-0.025390625
-0.0234375
-0.02392578125
-0.00732421875
-0.01513671875
-0.02587890625
0.005859375
-0.02392578125
0.00537109375
-0.0029296875
-0.01513671875
0.0029296875
-0.01904296875
0.00341796875
0.00390625
0.001953125
0.01904296875
-0.02490234375
-0.021484375
-0.00244140625
0.02099609375
0.05322265625
-0.02734375
-0.03125
-0.0263671875
-0.00537109375
-0.01708984375
-0.009765625
-0.0166015625
-0.02978515625
-0.00830078125
-0.01025390625
-0.02001953125
-0.005859375
-0.0224609375
-0.01220703125
-0.00927734375
-0.02099609375
0.00439453125
0.0
0.0
-0.00341796875
-0.05810546875
-0.0166015625
-0.0087890625
0.00537109375
0.00732421875
0.01123046875
0.0341796875
0.033203125
0.01708984375
0.00537109375
0.02099609375
0.03564453125
0.03515625
0.02392578125
0.015625
0.009765625
0.02197265625
0.02001953125
0.013671875
0.0126953125
0.00927734375
0.0068359375
0.009765625
0.0087890625
0.00048828125
-0.00634765625
0.00732421875
0.0068359375
0.00537109375
-0.00927734375
0.0
0.0
0.0
0.0
0.0
0.0
0.0
0.0
0.0
0.0
0.0
0.0
0.0
0.0
0.0
0.0
0.0
0.0
0.0
0.0
0.0
0.0
0.0
0.0
0.0
0.0
0.0
0.0
0.0
0.0
0.0
0.0
0.0
0.0
0.0
0.0
0.0
0.0
0.0
0.0
0.0
0.0
0.0
0.0
0.0
0.0
0.0
0.0
0.0
0.0
0.0
0.0
0.0
0.0
0.0
0.0
0.0
0.0
0.0
0.0
0.0
0.0
0.0
0.0
0.0
0.0
0.0
0.0
0.0
0.0
0.0
0.0
0.0
0.0
0.0
0.0
0.0
0.0
0.0
0.0
0.0
0.0
0.0
0.0
0.0
0.0
0.0
0.0
0.0
0.0
0.0
0.0
0.0
0.0
0.0
0.0
0.0
0.0
0.0
0.0
0.0
0.0
0.0
0.0
0.0
0.0
0.0
0.0
0.0
0.0
0.0
0.0
0.0
0.0
0.0
0.0
0.0
0.0
0.0
0.0
0.0
0.0
0.0
0.0
0.0
0.0
0.0
0.0
0.0
0.0
0.0
0.0
0.0
0.0
0.0
0.0
0.0
0.0
0.0
0.0
0.0
0.0
0.0
0.0
0.0
0.0
0.0
0.0
0.0
0.0
0.0
0.0
0.0
0.0
0.0
0.0
0.0
0.0
0.0
0.0
0.0
0.0
0.0
0.0
0.0
0.0
0.0
0.0
0.0
0.0
0.0
0.0
0.0
0.0
0.0
0.0
0.0
0.0
0.0
0.0
0.0
0.0
0.0
0.0
0.0
0.0
0.0
0.0
0.0
0.0
0.0
0.0
0.0
0.0
0.0
0.0
0.0
0.0
0.0
0.0
0.0
0.0
0.0
0.0
0.0
0.0
0.0
0.0
0.0
0.0
0.0
0.0
0.0
0.0
0.0
0.0
0.0
0.0
0.0
0.0
0.0
0.0
0.0
0.0
0.0
0.0
0.0
0.0
0.0
0.0
0.0
0.0
0.0
0.0
0.0
0.0
0.0
0.0
0.0
0.0
0.0
0.0
0.0
0.0
0.0
0.0
0.0
0.0
0.0
0.0
0.0
0.0
0.0
0.0
0.0
0.0
0.0
0.0
0.0
0.0
0.0
0.0
0.0
0.0
0.0
0.0
0.0
0.0
0.0
0.0
0.0
0.0
0.0
0.0
0.0
0.0
0.0
0.0
0.0
0.0
0.0
0.0
0.0
0.0
0.0
0.0
0.0
0.0
0.0
0.0
0.0
0.0
0.0
0.0
0.0
0.0
0.0
0.0
0.0
0.0
0.0
0.0
0.0
0.0
0.0
0.0
0.0
0.0
0.0
0.0
0.0
0.0
0.0
0.0
0.0
0.0
0.0
0.0
0.0
0.0
0.0
0.0
0.0
0.0
0.0
0.0
0.0
0.0
0.0
0.0
0.0
0.0
0.0
0.0
0.0
0.0
0.0
0.0
0.0
0.0
0.0
0.0
0.0
0.0
0.0
0.0
0.0
0.0
0.0
0.0
0.0
0.0
0.0
0.0
0.0
0.0
0.0
0.0
0.0
0.0
0.0
0.0
0.0
0.0
0.0
0.0
0.0
0.0
0.0
0.0
0.0
0.0
0.0
0.0
0.0
0.0
0.0
0.0
0.0
0.0
0.0
0.0
0.0
0.0
0.0
0.0
0.0
0.0
0.0
0.0
0.0
0.0
0.0
0.0
0.0
0.0
0.0
0.0
0.0
0.0
0.0
0.0
0.0
0.0
0.0
0.0
0.0
0.0
0.0
0.0
0.0
0.0
0.0
0.0
0.0
0.0
0.0
0.0
0.0
0.0
0.0
0.0
0.0
0.0
0.0
0.0
0.0
0.0
0.0
0.0
0.0
0.0
0.0
0.0
0.0
0.0
0.0
0.0
0.0
0.0
0.0
0.0
0.0
0.0
0.0
0.0
0.0
0.0
0.0
0.0
0.0
0.0
0.0
0.0
0.0
0.0
0.0
0.0
0.0
0.0
0.0
0.0
0.0
0.0
0.0
0.0
0.0
0.0
0.0
0.0
0.0
0.0
0.0
0.0
0.0
0.0
0.0
0.0
0.0
0.0
0.0
0.0
0.0
0.0
0.0
0.0
0.0
0.0
0.0
0.0
0.0
0.0
0.0
0.0
0.0
0.0
0.0
0.0
0.0
0.0
0.0
0.0
0.0
0.0
0.0
0.0
0.0
0.0
0.0
0.0
0.0
0.0
0.0
0.0
0.0
0.0
0.0
0.0
0.0
0.0
0.0
0.0
0.0
0.0
0.0
0.0
0.0
0.0
0.0
0.0
0.0
0.0
0.0
0.0
0.0
0.0
0.0
0.0
0.0
0.0
0.0
0.0
0.0
0.0
0.0
0.0
0.0
0.0
0.0
0.0
0.0
0.0
0.0
0.0
0.0
0.0
0.0
0.0
0.0
0.0
0.0
0.0
0.0
0.0
0.0
0.0
0.0
0.0
0.0
0.0
0.0
0.0
0.0
0.0
0.0
0.0
0.0
0.0
0.0
0.0
0.0
0.0
0.0
0.0
0.0
0.0
0.0
0.0
0.0
0.0
0.0
0.0
0.0
0.0
0.0
0.0
0.0
0.0
0.0
0.0
0.0
0.0
0.0
0.0
0.0
0.0
0.0
0.0
0.0
0.0
0.0
0.0
0.0
0.0
0.0
0.0
0.0
0.0
0.0
0.0
0.0
0.0
0.0
0.0
0.0
0.0
0.0
0.0
0.0
0.0
0.0
0.0
0.0
0.0
0.0
0.0
0.0
0.0
0.0
0.0
0.0
0.0
0.0
0.0
0.0
0.0
0.0
0.0
0.0
0.0
0.0
0.0
0.0
0.0
0.0
0.0
0.0
0.0
0.0
0.0
0.0
0.0
0.0
0.0
0.0
0.0
0.0
0.0
0.0
0.0
0.0
0.0
0.0
0.0
0.0
0.0
0.0
0.0
0.0
0.0
0.0
0.0
0.0
0.0
0.0
0.0
0.0
0.0
0.0
0.0
0.0
0.0
0.0
0.0
0.0
0.0
0.0
0.0
0.0
0.0
0.0
0.0
0.0
0.0
0.0
0.0
0.0
0.0
0.0
0.0
0.0
0.0
0.0
0.0
0.0
0.0
0.0
0.0
0.0
0.0
0.0
0.0
0.0
0.0
0.0
0.0
0.0
0.0
0.0
0.0
0.0
0.0
0.0
0.0
0.0
0.0
0.0
0.0
0.0
0.0
0.0
0.0
0.0
0.0
0.0
0.0
0.0
0.0
0.0
0.0
0.0
0.0
0.0
0.0
0.0
0.0
0.0
0.0
0.0
0.0
0.0
0.0
0.0
0.0
0.0
0.0
0.0
0.0
0.0
0.0
0.0
0.0
0.0
0.0
0.0
0.0
0.0
0.0
0.0
0.0
0.0
0.0
0.0
0.0
0.0
0.0
0.0
0.0
0.0
0.0
0.0
0.0
0.0
0.0
0.0
0.0
0.0
0.0
0.0
0.0
0.0
0.0
0.0
0.0
0.0
0.0
0.0
0.0
0.0
0.0
0.0
0.0
0.0
0.0
0.0
0.0
0.0
0.0
0.0
0.0
0.0
0.0
0.0
0.0
0.0
0.0
0.0
0.0
0.0
0.0
0.0
0.0
0.0
0.0
0.0
0.0
0.0
0.0
0.0
0.0
0.0
0.0
0.0
0.0
0.0
0.0
0.0
0.0
0.0
0.0
0.0
0.0
0.0
0.0
0.0
0.0
0.0
0.0
0.0
0.0
0.0
0.0
0.0
0.0
0.0
0.0
0.0
0.0
0.0
0.0
0.0
0.0
0.0
0.0
0.0
0.0
0.0
0.0
0.0
0.0
0.0
0.0
0.0
0.0
0.0
0.0
0.0
0.0
0.0
0.0
0.0
0.0
0.0
0.0
0.0
0.0
0.0
0.0
0.0
0.0
0.0
0.0
0.0
0.0
0.0
0.0
0.0
0.0
0.0
0.0
0.0
0.0
0.0
0.0
0.0
0.0
0.0
0.0
0.0
0.0
0.0
0.0
0.0
0.0
0.0
0.0
0.0
0.0
0.0
0.0
0.0
0.0
0.0
0.0
0.0
0.0
0.0
0.0
0.0
0.0
0.0
0.0
0.0
0.0
0.0
0.0
0.0
0.0
0.0
0.0
0.0
0.0
0.0
0.0
0.0
0.0
0.0
0.0
0.0
0.0
0.0
0.0
0.0
0.0
0.0
0.0
0.0
0.0
0.0
0.0
0.0
0.0
0.0
0.0
0.0
0.0
0.0
0.0
0.0
0.0
0.0
0.0
0.0
0.0
0.0
0.0
0.0
0.0
0.0
0.0
0.0
0.0
0.0
0.0
0.0
0.0
0.0
0.0
0.0
0.0
0.0
0.0
0.0
0.0
0.0
0.0
0.0
0.0
0.0
0.0
0.0
0.0
0.0
0.0
0.0
0.0
0.0
0.0
0.0
0.0
0.0
0.0
0.0
0.0
0.0
0.0
0.0
0.0
0.0
0.0
0.0
0.0
0.0
0.0
0.0
0.0
0.0
0.0
0.0
0.0
0.0
0.0
0.0
0.0
0.0
0.0
0.0
0.0
0.0
0.0
0.0
0.0
0.0
0.0
0.0
0.0
0.0
0.0
0.0
0.0
0.0
0.0
0.0
0.0
0.0
0.0
0.0
0.0
0.0
0.0
0.0
0.0
0.0
0.0
0.0
0.0
0.0
0.0
0.0
0.0
0.0
0.0
0.0
0.0
0.0
0.0
0.0
0.0
0.0
0.0
0.0
0.0
0.0
0.0
0.0
0.0
0.0
0.0
0.0
0.0
0.0
0.0
0.0
0.0
0.0
0.0
0.0
0.0
0.0
0.0
0.0
0.0
0.0
0.0
0.0
0.0
0.0
0.0
0.0
0.0
0.0
0.0
0.0
0.0
0.0
0.0
0.0
0.0
0.0
0.0
0.0
0.0
0.0
0.0
0.0
0.0
0.0
0.0
0.0
0.0
0.0
0.0
0.0
0.0
0.0
0.0
0.0
0.0
0.0
0.0
0.0
0.0
0.0
0.0
0.0
0.0
0.0
0.0
0.0
0.0
0.0
0.0
0.0
0.0
0.0
0.0
0.0
0.0
0.0
0.0
0.0
0.0
0.0
0.0
0.0
0.0
0.0
0.0
0.0
0.0
0.0
0.0
0.0
0.0
0.0
0.0
0.0
0.0
0.0
0.0
0.0
0.0
0.0
0.0
0.0
0.0
0.0
0.0
0.0
0.0
-0.02197265625
-0.02197265625
-0.01220703125
-0.03369140625
0.0107421875
-0.0185546875
-0.0087890625
-0.0078125
-0.021484375
0.00341796875
-0.01025390625
-0.0234375
-0.0244140625
-0.0224609375
0.0166015625
-0.01025390625
-0.04296875
-0.03857421875
-0.0234375
0.015625
-0.00048828125
-0.02490234375
-0.02392578125
-0.0166015625
0.0185546875
-0.01123046875
-0.01171875
-0.017578125
-0.0029296875
-0.013671875
-0.01416015625
-0.046875
-0.0478515625
-0.0322265625
-0.0087890625
-0.01123046875
-0.03076171875
-0.0302734375
-0.02294921875
-0.0078125
0.001953125
-0.0126953125
-0.01318359375
-0.005859375
0.0048828125
0.0068359375
0.00634765625
0.005859375
0.01318359375
0.01025390625
0.044921875
0.03759765625
0.03076171875
0.02783203125
0.01513671875
0.0380859375
0.029296875
0.02099609375
0.01904296875
0.01708984375
0.021484375
0.01220703125
0.0126953125
0.015625
0.00732421875
0.00927734375
0.005859375
0.00927734375
0.00830078125
0.00439453125
0.00146484375
0.005859375
0.00048828125
-0.00244140625
-0.00537109375
0.05908203125
0.033203125
0.02734375
0.025390625
0.03662109375
0.0244140625
0.0078125
0.00146484375
0.01171875
0.01611328125
0.01171875
-0.00390625
-0.00927734375
0.009765625
0.02001953125
0.01025390625
-0.00390625
-0.013671875
0.0009765625
0.02001953125
0.01904296875
0.01220703125
0.01025390625
0.0078125
0.01708984375
0.0283203125
0.0322265625
0.037109375
0.02685546875
0.00732421875
0.02880859375
0.03369140625
0.0390625
0.025390625
0.00732421875
0.025390625
0.0166015625
0.02294921875
0.01904296875
0.005859375
0.02392578125
0.00927734375
0.0087890625
0.00634765625
0.00830078125
0.02099609375
0.01904296875
0.015625
0.01220703125
-0.001953125
-0.0029296875
-0.021484375
-0.025390625
-0.01611328125
-0.02001953125
-0.00634765625
-0.01708984375
-0.0224609375
-0.0068359375
-0.00537109375
-0.01220703125
-0.017578125
-0.01708984375
-0.0087890625
-0.01171875
-0.00927734375
-0.00244140625
-0.00537109375
-0.0048828125
-0.01953125
-0.009765625
-0.00732421875
-0.01904296875
-0.0244140625
-0.04296875
0.02587890625
0.0322265625
0.03466796875
0.02587890625
0.01513671875
0.013671875
0.02978515625
0.03369140625
0.0205078125
0.0048828125
0.01123046875
0.03173828125
0.0400390625
0.021484375
0.0048828125
0.00439453125
0.0263671875
0.03173828125
0.0146484375
0.00341796875
-0.00048828125
0.02294921875
0.02685546875
0.00830078125
0.00146484375
0.02099609375
0.0244140625
0.03857421875
0.033203125
0.01806640625
0.0107421875
0.02294921875
0.029296875
0.0205078125
0.01025390625
0.0146484375
0.02001953125
0.02880859375
0.015625
0.00927734375
0.00537109375
0.0107421875
0.01416015625
0.01171875
-0.00244140625
0.00537109375
0.0087890625
0.009765625
0.01513671875
0.00048828125
-0.02978515625
-0.021484375
-0.0126953125
-0.01611328125
0.0146484375
-0.029296875
-0.02197265625
-0.017578125
-0.02001953125
0.01806640625
-0.0263671875
-0.021484375
-0.02099609375
-0.021484375
0.02197265625
-0.02587890625
-0.0283203125
-0.02783203125
-0.02392578125
0.02490234375
-0.0146484375
-0.0263671875
-0.01513671875
-0.013671875
0.029296875
-0.00244140625
-0.0361328125
-0.0205078125
-0.02978515625
-0.00537109375
-0.00390625
-0.0302734375
-0.025390625
-0.0244140625
-0.00341796875
0.01953125
-0.0146484375
-0.0146484375
-0.005859375
0.01318359375
0.0126953125
-0.0234375
-0.025390625
-0.0087890625
0.0068359375
0.00537109375
-0.025390625
-0.0361328125
-0.01904296875
0.0107421875
0.01904296875
0.0224609375
0.03662109375
0.02978515625
0.02978515625
0.015625
0.01953125
0.02685546875
0.0234375
0.02783203125
0.02099609375
0.01904296875
0.03173828125
0.03125
0.02490234375
0.0166015625
0.00830078125
0.02099609375
0.0244140625
0.01806640625
0.0205078125
0.00244140625
0.01220703125
0.0126953125
0.0146484375
-0.00439453125
-0.01416015625
-0.0087890625
-0.02490234375
-0.0009765625
-0.00830078125
0.015625
0.0087890625
-0.0068359375
-0.0068359375
0.0087890625
0.0146484375
0.017578125
0.00390625
-0.00830078125
0.01123046875
0.025390625
0.03076171875
0.013671875
-0.00341796875
0.01953125
0.0361328125
0.04248046875
0.01904296875
-0.001953125
-0.0263671875
-0.01123046875
-0.00146484375
-0.0029296875
0.0068359375
-0.00146484375
-0.02197265625
-0.00830078125
-0.01025390625
-0.013671875
0.001953125
-0.00732421875
0.00146484375
-0.005859375
-0.013671875
0.0263671875
0.0029296875
0.009765625
-0.0029296875
-0.01025390625
0.05712890625
0.01171875
-0.0107421875
-0.01611328125
-0.02001953125
-0.005859375
-0.00927734375
-0.00927734375
-0.0283203125
-0.025390625
-0.0234375
-0.0048828125
-0.01318359375
-0.0244140625
0.00830078125
-0.0263671875
0.00146484375
-0.00341796875
-0.015625
-0.0009765625
-0.02001953125
0.00634765625
0.00537109375
-0.00048828125
0.01806640625
-0.01953125
-0.01611328125
-0.00146484375
0.02197265625
0.05712890625
-0.02880859375
-0.0322265625
-0.0283203125
-0.00146484375
-0.0205078125
-0.00927734375
-0.01904296875
-0.0263671875
-0.00146484375
-0.0048828125
-0.0205078125
-0.00537109375
-0.01953125
-0.0087890625
-0.0048828125
-0.02197265625
0.0029296875
-0.00390625
-0.00146484375
-0.00537109375
-0.05517578125
-0.02197265625
-0.01318359375
0.00146484375
0.00244140625
0.01025390625
0.0390625
0.03759765625
0.01513671875
0.0029296875
0.02001953125
0.037109375
0.0400390625
0.0234375
0.01318359375
0.00927734375
0.0234375
0.0205078125
0.00830078125
0.009765625
0.0048828125
0.00341796875
0.00732421875
0.005859375
-0.0029296875
-0.001953125
0.01318359375
0.0126953125
0.00927734375
-0.01123046875
-0.02001953125
-0.02001953125
-0.01171875
-0.0322265625
0.00927734375
-0.02001953125
-0.0107421875
-0.005859375
-0.02099609375
0.00439453125
-0.0107421875
-0.02685546875
-0.02490234375
-0.02294921875
0.0126953125
-0.00537109375
-0.04345703125
-0.0380859375
-0.021484375
0.01513671875
0.0029296875
-0.0244140625
-0.02099609375
-0.01513671875
0.0205078125
-0.01171875
-0.0087890625
-0.0126953125
-0.00341796875
-0.0126953125
-0.0146484375
-0.04248046875
-0.04443359375
-0.03076171875
-0.00732421875
-0.01025390625
-0.02880859375
-0.02685546875
-0.021484375
-0.00341796875
0.0029296875
-0.01171875
-0.013671875
-0.00341796875
0.00634765625
0.00830078125
0.00537109375
0.0048828125
0.01220703125
0.009765625
0.04833984375
0.037109375
0.02880859375
0.0302734375
0.01708984375
0.03564453125
0.02734375
0.02197265625
0.0224609375
0.015625
0.02294921875
0.01318359375
0.0107421875
0.01806640625
0.00927734375
0.01171875
0.0068359375
0.01171875
0.01025390625
0.00634765625
0.00390625
0.005859375
0.00341796875
-0.00146484375
-0.00341796875
0.0546875
0.0283203125
0.021484375
0.01953125
0.03466796875
0.02490234375
0.00830078125
0.0009765625
0.01025390625
0.0146484375
0.01513671875
0.0
-0.0078125
0.009765625
0.0205078125
0.01318359375
-0.0009765625
-0.01416015625
-0.00048828125
0.0205078125
0.01806640625
0.01123046875
0.00830078125
0.0068359375
0.01806640625
0.0283203125
0.03125
0.03125
0.02734375
0.0078125
0.02783203125
0.03369140625
0.0380859375
0.02490234375
0.0068359375
0.02587890625
0.01318359375
0.02197265625
0.01953125
0.00390625
0.02392578125
0.00830078125
0.0087890625
0.00634765625
0.0087890625
0.02001953125
0.02001953125
0.01904296875
0.01171875
-0.00048828125
-0.0068359375
-0.01806640625
-0.02880859375
-0.02197265625
-0.02783203125
-0.009765625
-0.0185546875
-0.0244140625
-0.01171875
-0.0048828125
-0.01318359375
-0.017578125
-0.01953125
-0.0068359375
-0.0146484375
-0.0107421875
-0.0078125
-0.00537109375
-0.0068359375
-0.02197265625
-0.0146484375
-0.00830078125
-0.01904296875
-0.0263671875
-0.0478515625
0.02734375
0.03564453125
0.03857421875
0.029296875
0.01904296875
0.01416015625
0.03125
0.03515625
0.0224609375
0.0068359375
0.01171875
0.03125
0.03759765625
0.0224609375
0.00732421875
0.005859375
0.02587890625
0.0302734375
0.01513671875
0.00537109375
0.0029296875
0.02392578125
0.02685546875
0.0107421875
0.0029296875
0.0244140625
0.029296875
0.03662109375
0.029296875
0.017578125
0.01513671875
0.0244140625
0.03076171875
0.0224609375
0.0146484375
0.01806640625
0.02099609375
0.03076171875
0.01953125
0.01513671875
0.0107421875
0.01220703125
0.01416015625
0.013671875
0.00439453125
0.0078125
0.01123046875
0.01171875
0.01708984375
0.00439453125
-0.0263671875
-0.0205078125
-0.01416015625
-0.013671875
0.01513671875
-0.029296875
-0.02099609375
-0.017578125
-0.01904296875
0.01611328125
-0.02587890625
-0.0205078125
-0.01708984375
-0.0185546875
0.021484375
-0.0263671875
-0.0322265625
-0.02880859375
-0.021484375
0.0263671875
-0.01611328125
-0.02880859375
-0.0166015625
-0.01123046875
0.03076171875
-0.00634765625
-0.0361328125
-0.021484375
-0.02783203125
-0.005859375
-0.00146484375
-0.0302734375
-0.0283203125
-0.02490234375
-0.001953125
0.0205078125
-0.021484375
-0.02197265625
-0.0068359375
0.0107421875
0.01123046875
-0.0263671875
-0.02734375
-0.01171875
0.005859375
0.0068359375
-0.02587890625
-0.0390625
-0.02197265625
0.0126953125
0.02099609375
0.0205078125
0.0341796875
0.02685546875
0.03173828125
0.0205078125
0.0224609375
0.02783203125
0.025390625
0.03076171875
0.02392578125
0.02099609375
0.03271484375
0.03125
0.0263671875
0.021484375
0.01171875
0.02392578125
0.02587890625
0.0224609375
0.02294921875
0.0078125
0.01513671875
0.01611328125
0.0205078125
-0.001953125
-0.01318359375
-0.0078125
-0.0224609375
0.0
-0.00634765625
0.013671875
0.01416015625
-0.00341796875
-0.00634765625
0.01025390625
0.0146484375
0.01953125
0.0068359375
-0.00390625
0.01318359375
0.02392578125
0.0283203125
0.0146484375
0.0
0.0234375
0.0361328125
0.04248046875
0.01806640625
0.00146484375
-0.02587890625
-0.01123046875
-0.001953125
-0.005859375
0.005859375
-0.0048828125
-0.0224609375
-0.0126953125
-0.01171875
-0.01806640625
0.00341796875
-0.0087890625
0.0
-0.00732421875
-0.0146484375
0.02685546875
0.00244140625
0.0068359375
-0.00439453125
-0.0087890625
0.05517578125
0.0126953125
-0.0107421875
-0.01611328125
-0.01611328125
-0.00537109375
-0.0078125
-0.0078125
-0.02197265625
-0.02392578125
-0.0224609375
-0.0068359375
-0.00927734375
-0.0244140625
0.00634765625
-0.02734375
-0.00048828125
-0.00537109375
-0.01171875
0.00048828125
-0.01806640625
0.00390625
0.00537109375
0.00048828125
0.02001953125
-0.01904296875
-0.0146484375
0.0009765625
0.0205078125
0.0537109375
-0.037109375
-0.03662109375
-0.02490234375
-0.0009765625
-0.01904296875
-0.0107421875
-0.02001953125
-0.0244140625
-0.00048828125
-0.00537109375
-0.0185546875
-0.00634765625
-0.01953125
-0.00830078125
-0.0068359375
-0.02734375
0.00048828125
-0.00341796875
-0.00244140625
-0.00634765625
-0.0615234375
-0.02197265625
-0.01220703125
0.0009765625
0.0
0.01171875
0.0390625
0.03759765625
0.0166015625
0.00439453125
0.02001953125
0.04052734375
0.03955078125
0.02001953125
0.01220703125
0.01220703125
0.025390625
0.01953125
0.00830078125
0.00634765625
0.00537109375
0.0078125
0.00830078125
0.00439453125
-0.0029296875
0.0009765625
0.01611328125
0.015625
0.0068359375
-0.0078125
-0.0341796875
-0.04638671875
-0.04248046875
-0.04638671875
0.0068359375
-0.04052734375
-0.02880859375
-0.033203125
-0.041015625
-0.00927734375
-0.02099609375
-0.0302734375
-0.03173828125
-0.02685546875
0.0078125
-0.0087890625
-0.037109375
-0.03271484375
-0.017578125
0.0146484375
-0.00146484375
-0.01806640625
-0.017578125
-0.01318359375
0.015625
-0.0078125
-0.00927734375
-0.0087890625
0.00244140625
-0.0166015625
-0.01220703125
-0.037109375
-0.04248046875
-0.025390625
-0.00927734375
-0.01416015625
-0.03173828125
-0.03076171875
-0.021484375
-0.0048828125
-0.00146484375
-0.01416015625
-0.0107421875
-0.00390625
0.005859375
0.009765625
0.00830078125
0.0078125
0.01171875
0.0107421875
0.04052734375
0.033203125
0.02783203125
0.02685546875
0.01806640625
0.03564453125
0.03369140625
0.02734375
0.02099609375
0.02197265625
0.02734375
0.01708984375
0.01611328125
0.01953125
0.0146484375
0.013671875
0.005859375
0.0107421875
0.009765625
0.00244140625
0.00048828125
0.00048828125
0.0009765625
-0.001953125
-0.005859375
0.06103515625
0.04443359375
0.04150390625
0.03857421875
0.046875
0.0263671875
0.01513671875
0.00537109375
0.0107421875
0.00927734375
0.01416015625
0.00244140625
-0.0048828125
0.01123046875
0.0126953125
0.00732421875
0.0009765625
-0.00830078125
0.0
0.01220703125
0.01025390625
0.01220703125
0.0087890625
0.0068359375
0.01220703125
0.03076171875
0.0361328125
0.04150390625
0.02880859375
0.01171875
0.0234375
0.03857421875
0.03955078125
0.01904296875
0.01025390625
0.0244140625
0.02099609375
0.02490234375
0.01611328125
0.01171875
0.02685546875
0.0107421875
0.009765625
0.0087890625
0.013671875
0.021484375
0.0166015625
0.0126953125
0.0068359375
0.00146484375
0.01611328125
-0.00146484375
-0.0048828125
0.00390625
-0.0087890625
0.00341796875
-0.0048828125
-0.0068359375
0.00244140625
0.0048828125
-0.01220703125
-0.01806640625
-0.01220703125
-0.0048828125
-0.0078125
-0.01318359375
-0.01025390625
-0.00732421875
-0.0107421875
-0.0205078125
-0.01025390625
-0.01513671875
-0.02099609375
-0.02099609375
-0.03466796875
0.02685546875
0.03125
0.03125
0.02294921875
0.0185546875
0.01806640625
0.0283203125
0.0302734375
0.0185546875
0.0087890625
0.01806640625
0.02783203125
0.0341796875
0.0205078125
0.009765625
0.01416015625
0.0234375
0.0263671875
0.01513671875
0.009765625
0.013671875
0.02392578125
0.02587890625
0.01416015625
0.01220703125
0.025390625
0.0224609375
0.0283203125
0.02978515625
0.01806640625
0.01416015625
0.02294921875
0.0234375
0.01806640625
0.01025390625
0.0185546875
0.02099609375
0.029296875
0.01806640625
0.015625
0.0087890625
0.0126953125
0.01513671875
0.0107421875
0.00390625
0.005859375
0.0107421875
0.013671875
0.01123046875
0.00439453125
-0.0185546875
-0.00927734375
-0.005859375
-0.00341796875
0.021484375
-0.02099609375
-0.0146484375
-0.015625
-0.0107421875
0.02001953125
-0.01904296875
-0.01416015625
-0.0146484375
-0.013671875
0.0224609375
-0.015625
-0.02001953125
-0.02001953125
-0.01611328125
0.02587890625
-0.0078125
-0.02001953125
-0.00927734375
-0.00732421875
0.03076171875
-0.001953125
-0.04736328125
-0.0322265625
-0.0380859375
-0.0068359375
-0.00830078125
-0.0341796875
-0.0302734375
-0.02734375
-0.00537109375
0.01611328125
-0.01318359375
-0.01220703125
-0.00537109375
0.00830078125
0.01025390625
-0.021484375
-0.025390625
-0.009765625
0.001953125
0.0
-0.02099609375
-0.029296875
-0.015625
0.00439453125
0.0146484375
0.01806640625
0.03271484375
0.02685546875
0.0224609375
0.0146484375
0.02001953125
0.02294921875
0.02392578125
0.025390625
0.0234375
0.0234375
0.03564453125
0.0380859375
0.02880859375
0.02197265625
0.0146484375
0.025390625
0.0263671875
0.02197265625
0.0263671875
0.01416015625
0.021484375
0.0224609375
0.02294921875
0.00830078125
-0.00830078125
-0.0048828125
-0.01220703125
0.00634765625
-0.01318359375
0.005859375
-0.00048828125
-0.01220703125
-0.01171875
0.0048828125
0.01513671875
0.0166015625
0.00634765625
-0.00732421875
0.01220703125
0.0283203125
0.033203125
0.0146484375
-0.00146484375
0.01708984375
0.03125
0.0361328125
0.0166015625
0.001953125
-0.0634765625
-0.0400390625
-0.03466796875
-0.03173828125
-0.013671875
-0.02880859375
-0.04736328125
-0.0380859375
-0.03369140625
-0.02294921875
-0.00732421875
-0.017578125
-0.00732421875
-0.013671875
-0.013671875
0.0224609375
0.00244140625
0.0078125
-0.0068359375
-0.0107421875
0.0537109375
0.013671875
-0.00634765625
-0.01171875
-0.013671875
-0.0322265625
-0.03515625
-0.03759765625
-0.046875
-0.05126953125
-0.0400390625
-0.02978515625
-0.04150390625
-0.04443359375
-0.015625
-0.03271484375
-0.00634765625
-0.013671875
-0.01904296875
-0.00146484375
-0.0205078125
0.0029296875
0.0029296875
0.00146484375
0.02001953125
-0.0146484375
-0.0107421875
0.001953125
0.01953125
0.04541015625
-0.013671875
-0.0126953125
-0.00341796875
0.00927734375
-0.001953125
0.00146484375
-0.00048828125
-0.0068359375
0.00634765625
0.00048828125
-0.00830078125
-0.0029296875
-0.0126953125
-0.0107421875
-0.00341796875
-0.01953125
-0.00634765625
-0.00830078125
-0.00830078125
-0.00537109375
-0.0458984375
-0.02392578125
-0.015625
-0.00244140625
0.00146484375
0.015625
0.04150390625
0.03759765625
0.01904296875
0.00537109375
0.02099609375
0.0361328125
0.037109375
0.025390625
0.01708984375
0.01318359375
0.02099609375
0.02490234375
0.015625
0.015625
0.01318359375
0.01171875
0.01123046875
0.0087890625
0.00634765625
0.00732421875
0.01611328125
0.01220703125
0.0068359375
0.0
Shape of fc2-conv bias params: (16,)
0.0
-0.03125
0.875
0.984375
1.640625
1.34375
1.40625
1.171875
1.40625
1.265625
0.0
-0.015625
-0.03125
1.375
0.84375
0.921875
('fc3-conv', (2, 16, 1, 1))
Shape of fc3-conv weight params : (2, 16, 1, 1)
0.0
0.0
0.035400390625
0.035888671875
0.0361328125
0.03515625
0.036376953125
0.03466796875
0.034912109375
0.0361328125
0.0
0.0
0.0
0.03515625
0.032958984375
0.035400390625
0.0
0.0
-0.035400390625
-0.035888671875
-0.036376953125
-0.03515625
-0.0361328125
-0.03466796875
-0.034912109375
-0.0361328125
0.0
0.0
0.0
-0.034912109375
-0.032958984375
-0.035400390625
Shape of fc3-conv bias params: (2,)
-1.2421875
1.2421875
